100
1 391 17 7 11 29 17 8 36 6 15
2 179 10 5 46 9 39 34 42
3 536 10 24 9 45 13 21 23 14 27 44 31 16 11 28 33 17 18 3 49 42 43 35 15 48 46 6
4 135 15 30 24 11 2 21 37 13 12 50 36 8 43 19 29 4 34 22 25 14 32 5 31 40 16 18 26 17 15 6 49 46
5 97 18 44 43 21 35 42 4 11 32 25 20 3 24 13 44 15 9 18 14 31 36 47 22 1 45 28 2 27 10 17 48 33 26 46 39 16 41 34 8 6 37 50 19 38 7 49
6 396 5 30 1 34 19 21 37 44 31 49 24 4 11 26 5 48 38 13 50 46 18 10 36 3 15 40 6 16 29 20 9 23
7 498 20 35 16 30 33 11 25 47 49 4 27 2 15 12 39 43 38 1 9 40 7 20 3 23 29 10 48 8 28 46 44 31 34 6 26 41 45
8 483 15 45 6 43 31 19 1 48 2 28 27 26 37 7 4 38 9 41 44 45 14 50 5 42 3 20 18 24 49 32 23 25 30 21 47 29 17 8 10 15 22 33 39 36 35 46 13
9 68 6 16 18 7 37 23 17 14 11 3 40 42 12 27 15 48 50 25
10 50 3 12 38 3 31 22 47 32 23 49 18 36 2 14
11 465 6 13 12 18 7 13 41 45 36 26 16 37 17 27 3
12 22 6 10 2 18 24 25 35 39 28 30 32 38
13 504 17 26 4 16 22 19 26 1 28 43 6 36 31 7 38 14 10 32 45 47 50 24 11 3 21 20 48 49
14 301 12 41 42 1 8 28 2 10 39 15 23 45 19 30 31 34 25 4 37 22 14 36 38 9 16 48 24 12 13 5 18 7 50 26 6 35 33 21 41 29 32 20 43
15 258 15 12 4 5 11 36 23 12 47 48 2 13 49 25
16 55 4 24 34 38 4 21 28 36 8 50 2 29 39 14 25 45 3 32 27 7 22 12 13 9 47 17
17 297 7 18 20 16 45 50 21 30 36 49 19 33 32 12 10 4 48 5 26 43
18 41 13 41 23 10 12 44 40 17 43 49 4 31 22 48 11 35 7 41 13 14 47 32 15 24 20 21 18 1 5 30 34 28 6 16 38 8 26 39 45 3 37 27 25
19 421 10 45 23 12 40 24 33 31 29 41 47 16 4 2 10 34 20 46 37 49 42 8 28 17 3 11 9 5 44 39 35 30 50 45 7 38 15 48 32 22 14 26 19 13 43 1 27
20 48 13 14 17 39 36 50 41 38 12 21 48 33 31 10 8 23
21 550 2 49 21 45 11 31 10 25 37 22 33 49 44 28 12 2 47 42 9 4 6 32 19 7 24 27 34 13 14 23 20 16 5 18 17 41 30 40 48 8 1 36 26 15 38 43 46 3 50 35 29
22 31 18 41 12 11 30 33 47 41 23 19 35 4 8 20 2 42 50 39 14 18 49 13 43 31 1 32 15 21 7 5 17 3 37 48 45 28 22 26 34 44 36 16 9
23 65 7 46 40 50 27 35 16 4 6 7 19 8 34 17 22 39 13 42 30 46 20 33 32 11 24 9 26 43 1 12 37 15 28 10 3 18 23 47 48 49 45 2 21 29 14 5 44 36
24 137 3 16 48 1 42 30 20 27 10 38 32 19 49 18 15 2 26 9
25 316 13 12 49 11 24 32 47 36 23 16 29 27 34 38
26 481 17 11 47 39 35 34 27 19 32 21 10 50 44
27 98 12 19 36 14 11 48 25 43 40 1 13 28 19 38 31 2 21 49 34 16 24
28 212 19 18 32 12 18 38 37 2 42 33 35 31 45 29 15 11 8 30 4 19
29 521 17 35 7 31 45 10 39 29 3 23 22 46 44 34 11 38 27 43 25 8 40 32 4 36 21 16 14 5 35 1 15 47 26 28 24 13 30
30 379 11 18 27 3 5 15 9 41 34 17 18 12 14 26 37 7 30 29 1 33
31 347 13 21 25 28 12 32 4 46 40 45 17 37 41 15 31 10 9 8 22 36 38 43 49
32 204 3 37 15 19 37 44 5 41 22 6 18 3 16 26 39 8 10 20 47 30 1 14 17 43 36 33 25 2 35 38 50 23 9 40 21 13 46 7 27
33 71 3 18 15 13 5 43 39 25 11 33 32 38 29 3 12 19 48 7 30 49
34 352 3 22 30 43 9 21 27 8 22 41 14 12 40 32 48 44 20 17 23 34 15 24 28 18
35 172 2 31 15 36 14 49 17 41 24 39 44 20 48 26 12 46 29 16 11 23 22 47 6 32 3 7 27 31 19 4 33 43 38
36 203 18 21 33 38 42 8 28 45 34 7 26 36 13 48 17 24 25 6 49 27 14 10 44
37 140 11 12 25 33 16 15 24 50 21 12 38 3 27 14
38 276 0 18 14 6 45 34 7 38 41 12 9 28 30 48 32 29 40 39 23 16
39 402 0 38 40 12 8 32 22 42 46 30 18 24 3 10 19 21 33 20 29 50 2 47 7 34 45 17 23 37 27 13 38 1 15 6 39 4 11 41 31 36
40 371 13 36 23 6 9 13 49 36 24 8 42 3 35 47 38 11 20 30 41 45 50 28 44 10 18 7 43 12 1 39 5 22 31 46 26 16 40 17
41 91 6 4 11 31 36 20
42 402 10 30 12 2 26 33 9 50 30 22 46 17 5 38 16 32 29 42 48 35 20 44 4 23 31 10 40 45 21 25 19 3
43 105 4 32 36 16 28 26 49 25 44 4 33 19 8 7 39 45 6 32 17 27 38 14 41 37 40 24 46 30 3 1 11 21 50 9
44 13 11 17 33 6 24 12 44 7 8 19 42 2 37 11 10 47 5 18 39
45 286 17 45 5 2 48 22 17 20 28 50 33 27 11 23 6 49 32 42 36 38 43 26 31 3 21 45 16 35 39 41 13 8 47 15 24 19 44 10 1 14 7 25 37 4 9 40 12
46 399 17 42 21 3 10 38 7 1 12 5 13 8 31 30 9 42 6 36 15 18 48 20 46 49 40 28 22 19 11 34 26 32 27 24 14 44 45 25 37 43 29 2 23 35
47 16 16 34 44 22 38 2 40 33 31 21 17 37 42 1 24 46 34 35 45 6 7 18 27 28 5 9 25 13 8 39 41 43 50 47 12 26
48 52 16 39 4 14 50 29 38 25 6 27 5 42 10 1 28 13 26 39 9 34 15 16 48 45 17 49 43 44 7 32 11 23 37 24 20 36 30 8 21 40 31
49 527 4 7 1 4 2 19 13 22 50
50 544 11 20 38 42 24 4 18 22 19 48 47 46 33 17 50 40 39 34 31 36 3 20
51 537 7 20 3 20 11 18 35 4 29 50 28 46 27 43 22 45 32 42 13 39 8 30
52 593 3 13 14 26 50 20 33 30 46 37 45 10 31 39 4
53 373 7 43 33 28 19 23 9 40 15 14 35 44 11 6 38 21 26 8 37 42 47 20 22 12 18 27 17 49 30 48 16 41 13 46 1 5 7 50 3 2 39 29 24 4 31
54 205 15 34 38 32 26 34 16 37 20 17 50 47 39 18 42 43 27 9 45 30 11 3 33 19 46 41 25 31 28 48 7 5 35 6 15 10
55 289 4 42 24 42 32 10 40 49 13 41 27 34 31 17 1 9 46 50 19 21 39 30 4 28 2 44 25 43 33 6 22 12 23 15 38 37 8 45 26 47 7 29 16 3
56 385 12 31 23 47 42 31 36 25 3 8 39 30 13 12 34 22 19 9 32 29 16 21 38 15 28 14 5 1 10 41 48 37 46
57 553 7 32 5 36 39 8 41 16 25 10 32 28 14 21 33 18 49 50 29 7 34 44 48 38 45 37 24 1 3 22 19 30 4 15
58 287 12 30 39 17 46 40 37 10 27 15 44 12 45 31 30 21 38 5 13 43 1 20 9 28 3 29 8 2 24 4 36 33
59 507 9 48 47 11 24 21 15 50 23 31 19 34 9 29 18 49 48 30 46 45 22 2 7 37 35 43 41 27 33 26 8 20 14 40 10 25 12 4 1 16 38 32 28 6 13 44 39 3 17 5
60 596 13 42 27 2 29 12 18 26 37 6 22 7 34 35 9 20 32 50 10 45 5 30 1 16 31 4 25 13 36 8 15 48 46 21 39 28 19 49 44 14 47 41 43 38
61 148 8 30 29 7 5 46 8 41 42 28 6 39 48 45 12 24 50 13 35 14 49 40 10 44 18 26 38 21 36 11 9 4
62 262 6 21 7 9 12 20 39 17 16 32 50 27 42 35 6 43 10 14 49 28 1 5 2
63 194 11 23 1 48 10 28 6 45 12 34 27 17 3 43 44 40 24 26 38 8 37 18 29 25 11
64 76 5 31 21 47 17 43 3 34 22 23 16 14 24 33 5 15 26 36 29 37 42 40 30 25 27 46 45 18 6 39 1 48 32
65 85 3 20 36 43 27 50 17 6 39 23 20 22 37 40 30 34 11 5 21 16 33 7
66 429 1 45 24 28 9 23 3 27 12 39 30 38 6 21 15 41 45 46 40 43 4 42 14 8 25 18 33 2 29 11 1 44 48 49 35 32 31 19 20 47 22 36 26 7 10 50 37
67 33 13 6 21 13 20 44 45 36
68 481 16 32 15 16 3 10 30 24 8 38 47 34 48 27 25 19 43 17 14 2 5 35 7 12 20 36 50 11 26 18 40 32 23 46
69 364 11 10 48 44 36 24 13 47 35 45 29 50
70 528 1 40 11 7 26 43 10 16 2 35 13 47 48 41 4 42 1 46 25 18 36 24 27 5 22 37 30 44 12 50 34 38 23 29 28 6 32 15 3 39 20 40
71 312 3 34 27 33 24 17 49 6 21 42 45 29 16 15 26 30 40 36 8 46 47 41 2 9 32 4 50 28 31 39 38 1 3 22 34 18
72 170 19 1 3
73 524 16 37 26 10 39 27 40 15 24 47 32 43 4 31 25 12 23 16 18 49 11 3 1 41 33 37 48 29 2 14 46 50 35 21 28 6 30 45 44
74 328 4 13 1 33 35 50 5 45 20 12 2 46 38 39 26
75 389 14 32 8 11 23 28 36 18 10 34 6 30 21 44 12 3 42 38 31 25 37 32 17 39 46 27 50 47 22 4 49 40 5 48
76 563 17 10 32 24 21 19 22 29 23 11 7 34
77 429 2 6 36 40 14 2 50 10
78 268 16 47 50 21 17 42 41 25 30 3 44 24 34 6 29 14 33 26 5 32 47 10 18 31 4 8 20 13 11 45 19 1 35 39 23 9 12 7 38 2 48 40 46 36 37 43 15 49 27
79 134 19 35 14 34 23 4 31 39 48 17 1 33 9 42 30 20 28 15 22 35 49 37 16 32 44 19 18 47 27 3 43 24 6 13 26 10 8
80 70 11 2 17 4
81 76 3 40 10 28 9 37 31 2 23 27 15 42 13 1 5 6 25 21 45 47 14 8 18 46 40 16 26 44 36 39 49 24 50 29 3 41 7 17 34 35 19 48
82 582 19 3 6 41 4
83 32 4 43 39 31 15 22 48 40 9 38 19 37 2 36 35 30 10 49 33 1 43 32 46 3 20 14 29 47 6 34 25 23 12 18 45 13 26 16 11 21 44 28 24 50 41
84 369 15 33 13 10 41 12 5 40 37 44 15 27 45 31 25 23 42 28 29 4 49 50 39 3 32 2 36 46 20 33 14 26 43 24 21
85 226 4 12 10 49 15 23 38 37 3 2 45 46 47 16
86 115 19 22 25 41 18 12 46 5 19 21 14 20 29 30 28 4 47 50 35 1 34 33 13 6
87 456 6 45 11 43 14 38 24 41 34 23 33 13 47 46 21 19 2 39 27 28 10 7 35 1 30 45 22 40 29 5 31 6 20 12 17 4 26 44 48 37 42 8 50 36 49 25 15
88 262 6 35 13 12 25 34 5 28 10 9 43 45 29 3 46 38 8 37 22 2 33 36 24 50 18 32 19 27 44 7 48 49 16 26 15 17 4
89 552 19 41 44 42 37 43 9 22 3 38 8 46 31 26 27 34 28 6 36 25 48 13 4 19 41 23 11 5 35 1 45 7 39 50 16 21 14 49 32 20 17 40 24
90 59 8 29 10 46 20 43 45 18 48 11 40 30 32 4 1 21 27 13 6 17 33 8 47 7 35 25 23 14 28 22 5
91 180 4 31 41 37 6 11 26 15 32 31 1 8 23 43 25 4 46 48 42 38 14 34 45 2 9 33 50 13 12 20 3 30 7
92 293 1 13 31 6 50 19 11 4 46 15 35 26 13 45 43
93 521 17 18 26 46 45 39 11 29 15 20 25 19 47 24 40 36 50 5 12 28
94 31 17 2 18 3
95 36 20 30 31 46 28 10 38 43 30 33 42 11 1 5 21 6 29 25 2 8 3 14 18 22 32 20 23 19 40 35 17 9
96 294 0 6 43 25 17 38 14 4
97 164 1 19 22 15 6 7 32 21 43 28 25 18 11 50 39 20 27 9 31 4 1
98 180 6 37 24 41 5 9 50 37 35 19 42 20 21 31 6 30 43 40 32 25 49 3 33 26 44 14 48 15 8 16 38 13 29 1 27 11 22 46 17
99 143 11 11 30 7 15 5 17 10 44 42 29 48 27
100 96 17 18 2 34 15 5 22 49 26 45 48 11 19 37 44 21 43 8 23 33
50
1 17
2 14
3 12
4 6
5 6
6 7
7 10
8 5
9 16
10 20
11 5
12 14
13 11
14 5
15 8
16 10
17 20
18 20
19 14
20 16
21 6
22 2
23 6
24 19
25 12
26 2
27 9
28 5
29 17
30 13
31 20
32 13
33 4
34 14
35 10
36 5
37 8
38 13
39 2
40 18
41 17
42 4
43 7
44 18
45 12
46 2
47 4
48 17
49 1
50 15
30
0 18 319494
1 6 880732
2 19 84111
3 15 367577
4 6 350815
5 18 580395
6 17 371139
7 14 973263
8 14 452861
9 17 940191
10 16 125612
11 10 729749
12 6 600627
13 12 1034409
14 16 847158
15 3 802297
16 7 708930
17 8 150751
18 16 326662
19 14 171385
20 3 998870
21 14 894950
22 11 625259
23 7 960901
24 7 286880
25 16 324273
26 16 574285
27 15 427678
28 7 728534
29 12 355946
8
1 2
1 3
1 4
2 4
2 5
3 5
3 6
4 6
1
1 5
