1000
1 233 17 44 33 47 36 7 42 3 49 46 12 27 44 13 45 18 15 50 41 43 38 22 29 17 40 6 23 26 32 8 4 28 20 31 11 2 14 24 48 5 9 39 35 37 21 25
2 259 20 47 30 24 45 37 27 39 9 41 13 46 31 4 48 11 50 21 12 43 33 3 18 1 6 23 25 14 17 35 36 20 19 32 22 28 49 47 2 10 40 26 42 34 8 5 15 44 16
3 282 5 35 32 6 16 38 14 27 33 10 48 39 21 2 50 37 46 29 30 35 1 4 22 31 41 13 12 7 5 45 11 42 43 40 9 19 28
4 66 8 36 2 37 27 33 3 20 28 46 23 42 48 22 34 40 31 7 16 39 26 1 49 32 4 5 12 29 50 17 13 11 14 15 8 9 47 36
5 105 20 45 9 38 25 1 19 11 28 4 47 8 10 2 17 21 29 20 14 30 24 12 5 7 27 6 13 15 39 16 32 37 42 3 33 49 44 34 41 50 26 22 48 46 35 31 18
6 404 12 5 6 9 42 32 13
7 417 4 26 14 43 50 5 38 8 33 18 44 10 42 4 9 25 28 39 16 47 12 21 32 35 41 2 29 31
8 148 15 23 25 34 13 1 48 6 45 29 50 7 49 12 42 22 36 39 19 35 47 28 23 37 30
9 589 5 34 11 36 20 10 38 1 48 28 50 12 23 25 46 30 35 49 34 44 26 18 24 17 22 13 8 33 21 31 37 4 19 27 39 45
10 19 8 16 6 35 11 41 3 9 44 19 40 28 7 22 45 13 25 27
11 506 6 45 1 17 26 33 27 29 2 36 47 45 50 37 44 43 8 15 30 5 9 31 10 4 32 13 11 3 48 7 18 22 23 16 24 46 21 40 19 41 39 34 6 25 49 12 35
12 350 7 13 5 39 47 10 41 43 22 15 28 40 45 27 36
13 489 2 27 24 39 42 32 14 34 44 22 47 35 36 30 4 2 33 49 8 28 41 20 43 12 46 45 25 11 9
14 385 3 32 21 29 25 45 5 4 7 42 41 6 40 10 17 2 26 8 50 12 14 22 44 9 18 1 33 48 3 32 30 31 34 43
15 281 11 48 38 16 8 36 35 4 39 50 20 10 48 24 23 11 41 43 44 47 12 45 49 42 6 30 46 25 28 27 17 3 29 19 7 2 14 31 32 1 26 18 15 33 40 37 13 9 34 21
16 196 3 41 14 6 33 45 9 15 24 28 47 5 25 42 43 21 19 32 29 2 30 12 22 46 48 38 13 26 7 10 11 31 23 8 35 16 34 36 27 37 17 20 39
17 410 19 1 34
18 208 18 8 49 32 4 3 39 48 46 24
19 33 17 14 3 22 39 48 26 42 32 31 20 28 50 18 9 7
20 248 18 21 3 26 41 12 21 43 47 10 6 36 22 18 8 20 49 19 34 14 7 24 31
21 509 8 39 39 8 41 32 50 46 12 16 9 1 22 23 25 38 37 36 10 5 29 31 30 17 27 42 4 15 19 47 14 6 49 2 26 24 28 13 20 45 43
22 80 2 23 21 14 48 40 8 41 49 5 24 27 11 4 12 38 17 46 30 6 44 13 43 32 10
23 473 16 4 47 26 14 25
24 16 2 2 37 4
25 335 17 28 41 30 19 50 2 4 46 45 13 47 8 12 15 9 23 3 42 21 1 17 49 35 38 29 26 27 10 43
26 396 5 43 44 6 35 33 45 2 7 47 37 16 5 1 39 11 24 42 19 50 28 21 13 18 31 43 29 4 36 32 15 8 27 14 12 49 41 30 22 17 25 46 38 9 48
27 533 20 25 4 21 28 30 41 45 36 43 46 7 49 37 25 48 3 50 6 33 9 5 8 18 32 11 15
28 519 3 9 45 42 21 18 36 23 20 10 26
29 308 20 45 30 41 14 44 3 50 21 12 20 19 36 27 47 33 31 22 49 35 1 29 15 45 42 34 28 43 10 17 37 5 40 6 7 38 4 39 13 18 48 8 25 9 46 26 24
30 278 5 22 45 33 3 11 7 34 24 1 20 22 38 23 31 4 44 21 8 40 15 49 46 2
31 170 0 22 32 47 10 5 13 50 23 2 12 40 49 15 8 7 29 6 22 18 24 37 41 42
32 419 5 19 37 46 34 33 38 26 1 11 32 48 30 22 2 47 24 31 7 39 9
33 10 11 24 41 6 14 37 17 25 7 36 19 4 47 12 22 20 30 29 2 8 45 21 27 33 28 49
34 242 1 29 25 24 8 44 42 49 38 33 1 39 28 48 6 30 3 37 34 45 9 41 19 22 2 29 43 26 5 12 46
35 239 20 48 38 25 40 45 21 16 46 48 30 41 22 39 47 4 33 6 32 27 29 1 24 31 3 15 50 34 36 8 49 19 10 20 43 37 26 5 42 12 35 28 14 13 23 18 11 2 9 7
36 414 7 33 48 35 31 4 11 27 2 22 32 3 6 20 12 50 44 7 33 36 28 5 42 41 14 34 10 37 15 26 9 49 8 13 21
37 173 0 25 11 43 26 7 42 23 19 5 6 18 38 34 21 40 3 27 1 30 37 31 48 44 16 45 22
38 63 3 36 5 48 33 49 28 6 37 15 11 50 7 24 29 44 4 26 8 46 21 30 39 34 14 19 42 31 16 9 17 3 45 27 40 36 32 23
39 388 16 49 32 33 48 7 6 25 24 4 45 44 26 34 15 43 9 1 5 40 11 46 16 14 37 27 50 23 3 41 22 20 8 38 30 13 21 42 2 31 47 17 35 49 28 10 36 19 12 18 39
40 167 14 22 30 32 17 24 46 19 10 22 39 26 29 3 48 28 12 43 40 18 16 38 47 33
41 411 12 47 5 33 36 45 24 34 21 2 4 39 48 41 32 49 12 35 23 10 20 29 3 18 44 42 43 27 22 1 30 11 19 28 6 37 31 17 7 38 13 40 8 15 47 50 16 9 46
42 213 9 36 17 18 20 4 14 36 26 9 42 1 48 7 35 38 45 19 16 49 34 21 46 33 50 12 28 40 39 44 8 31 13 22 25 32 37 10
43 197 19 1 48
44 265 17 25 1 34 21 37 13 17 50 28 38 48 18 12 47 30 4 27 23 3 11 46 8 6 49 9 19
45 96 5 3 29 40 41
46 44 12 45 31 48 7 28 42 39 22 11 26 37 46 49 5 45 17 40 25 12 50 36 30 14 21 16 4 24 2 8 41 20 15 10 13 33 32 35 3 19 38 9 27 18 34 23 29
47 596 9 25 29 37 41 32 11 39 14 3 48 15 33 30 6 45 47 36 12 24 50 38 18 43 19 21 28
48 246 0 42 30 33 12 36 22 10 24 8 32 42 43 1 19 5 28 7 47 2 50 40 21 35 31 3 45 46 48 9 17 20 37 44 27 39 34 16 38 29 49 18 14 26
49 30 14 45 49 47 50 37 15 11 13 20 26 10 48 31 9 46 16 32 29 4 19 6 2 39 36 3 12 18 43 14 23 24 17 8 21 33 35 25 40 1 22 30 44 27 45 38 42
50 450 19 20 28 37 11 48 12 34 45 26 16 8 20 40 32 23 7 35 21 22 42 19
51 263 0 39 33 7 18 10 22 34 31 37 11 47 27 6 25 40 43 13 15 35 39 1 23 49 20 3 12 30 16 32 44 4 19 5 8 24 48 38 14 46 41
52 373 12 14 44 32 38 16 45 29 35 39 41 33 31 14 24 13
53 171 9 47 4 38 41 2 1 28 19 34 26 7 15 3 43 23 27 37 36 18 40 6 21 46 20 47 42 8 16 32 33 30 13 17 12 24 39 49 14 50 35 22 48 44 29 31 11 45 25
54 242 16 9 18 34 47 17 39 22 4 30 40
55 519 2 42 9 38 50 8 25 12 32 27 43 11 19 26 5 45 29 39 16 33 40 49 13 7 22 28 1 20 34 24 31 48 42 47 2 30 17 4 44 35 10 14 18 6
56 243 2 2 4 2
57 454 18 37 38 42 19 21 7 29 36 40 25 18 28 46 11 20 31 3 23 5 49 27 45 33 44 41 12 32 1 43 34 37 13 17 39 8 4 47 15
58 389 13 16 7 9 34 3 32 39 21 8 40 13 18 1 49 14 41 4
59 518 20 31 27 44 49 45 43 35 32 50 37 12 15 34 33 10 17 47 19 26 22 7 29 2 23 41 18 5 48 21 20 11 46
60 466 9 9 33 37 36 5 43 21 50 13 28
61 436 11 40 5 47 17 48 2 38 23 43 31 9 10 1 12 44 16 4 26 32 50 6 35 24 41 15 34 3 27 20 7 37 29 33 14 19 21 40 25 49 36 42
62 172 19 18 50 11 17 27 20 31 16 1 43 2 3 35 4 6 49 33 15 26
63 403 10 44 15 29 19 46 49 40 37 21 38 17 50 28 45 39 32 36 7 9 47 24 8 6 34 31 48 12 43 33 22 35 3 25 18 11 23 4 13 1 20 26 10 16 14 30
64 99 5 46 43 28 3 24 4 20 16 36 35 14 29 25 6 5 1 41 48 12 31 45 15 17 23 33 13 42 40 22 49 2 38 26 32 27 18 7 19 39 46 8 50 11 34 37 10 9
65 203 9 3 49 3 40
66 417 14 23 23 1 15 29 3 30 21 33 24 26 6 20 38 14 4 9 13 8 43 49 35 44 28
67 396 4 14 16 23 40 19 24 2 47 38 31 27 28 10 25 43
68 72 7 12 43 13 42 34 49 23 26 22 50 19 27 48
69 84 13 37 13 6 17 41 9 33 29 37 20 1 26 7 19 21 12 38 45 28 23 5 4 18 49 27 2 48 36 35 14 50 10 24 34 44 30 8 42
70 557 3 49 26 35 19 12 11 14 43 44 18 8 42 13 25 29 3 9 31 34 33 2 46 7 5 10 37 39 40 45 38 32 30 4 21 20 36 16 17 22 49 41 23 15 47 50 48 24 6 27 1
71 244 12 22 18 9 43 14 2 4 35 44 49 46 3 13 27 5 8 1 39 25 16 34 22 37
72 40 6 20 17 32 48 19 36 27 22 43 26 50 4 31 18 16 2 12 46 42 5 13
73 190 5 34 26 34 17 13 46 4 39 24 2 40 23 38 50 14 8 20 29 1 12 42 49 27 32 5 10 18 22 48 41 15 11 21 7 25
74 286 16 47 21 29 25 9 49 6 12 4 33 18 36 22 14 42 34 20 15 26 19 16 24 17 35 40 47 11 39 28 31 44 2 37 45 30 46 50 23 38 7 10 8 1 3 48 43 5 41
75 85 6 34 39 4 35 22 5 40 50 24 36 13 9 32 29 7 33 46 31 44 14 28 10 27 47 48 20 19 15 49 21 12 42 8 11 2
76 574 17 11 32 3 35 49 16 36 9 38 15 26 20
77 286 4 8 23 49 17 16 25 14 18 26
78 402 19 29 15 30 19 43 33 23 28 25 11 46 22 4 17 21 27 8 38 42 48 41 9 10 18 3 5 20 13 6 29
79 542 20 43 24 17 38 3 10 22 13 12 26 30 2 27 18 36 20 23 44 37 28 34 9 33 16 15 50 41 1 11 31 6 5 21 4 49 32 19 25 45 40 14 8 42 39
80 404 15 38 23 3 49 35 20 11 5 45 50 1 31 13 15 37 38 21 17 2 16 48 36 10 39 44 18 24 47 29 41 8 12 6 42 22 43 19 30 9
81 248 10 47 34 44 26 5 46 20 29 14 9 43 17 50 7 38 4 15 19 41 30 35 31 45 33 32 1 48 39 11 36 21 49 28 42 27 6 8 22 3 10 2 40 18 24 47 23 13 16
82 443 4 47 21 10 25 50 33 44 16 26 42 7 36 4 22 3 14 20 5 2 11 35 13 32 34 40 37 17 18 45 28 12 31 27 48 1 46 15 43 24 41 6 29 8 23 39 49 47 38
83 482 17 11 22 24 32 40 16 9 48 8 7 23 35
84 206 11 39 30 43 27 36 15 46 42 4 14 29 28 39 22 21 10 37 26 18 19 41 33 38 47 16 25 2 17 8 34 31 1 49 35 3 13 32 12 5 9
85 585 2 16 36 35 49 38 41 50 28 14 8 27 19 4 12 23 16 40
86 552 13 46 30 14 50 27 35 49 34 17 9 40 19 31 43 4 21 23 16 25 29 46 6 28 11 5 42 7 26 47 8 37 36 32 1 24 2 15 3 18 38 33 44 20 10 12 39 48
87 567 11 6 7 30 12 29 35 18
88 389 0 24 49 28 15 50 42 10 22 34 2 9 39 45 14 13 41 8 20 47 27 6 36 5 7 26
89 521 10 4 20 6 12 15
90 405 4 42 44 29 30 14 34 32 21 9 35 20 26 40 25 8 4 41 11 5 13 19 47 18 50 2 15 16 7 39 38 33 31 37 45 28 10 1 36 6 17 3 24 42
91 199 5 38 23 32 36 37 48 30 5 39 43 41 24 40 44 20 11 10 18 49 35 27 22 15 4 6 7 9 26 29 1 33 12 50 25 19 8 2 46 47
92 179 7 36 9 5 6 41 2 26 22 8 16 18 27 4 28 24 10 11 20 29 34 49 19 45 13 21 46 31 30 7 1 12 39 17 14 3 44 43
93 423 20 28 29 37 8 30 44 39 26 24 50 17 33 9 36 23 41 10 47 19 12 32 25 15 16 6 5 2 3 4
94 72 6 15 44 19 50 20 5 47 37 26 9 25 7 48 38 17 39
95 98 18 38 33 19 23 50 20 24 39 5 28 35 30 44 14 34 45 16 48 29 22 42 40 49 47 25 37 21 7 26 27 3 1 4 32 10 11 31 15 6
96 37 6 32 6 8 30 47 45 21 29 2 36 46 26 23 44 1 18 22 13 48 12 34 7 31 35 49 50 27 38 25 5 43 42 16
97 196 11 39 18 44 43 50 32 22 3 28 27 14 39 6 33 17 45 9 36 2 20 5 23 8 30 10 40 35 21 24 38 46 29 12 16 47 1 15 13 41 48
98 34 16 30 4 12 25 45 18 49 41 29 40 48 27 33 16 13 42 30 47 31 46 5 23 36 9 43 17 28 19 10 6 32
99 425 2 25 13 39 23 42 16 7 37 9 46 29 41 50 31 22 6 34 36 48 21 17 14 5 45 30 18
100 527 2 3 13 9 48
101 396 15 17 18 48 13 31 25 47 28 7 2 11 38 14 32 34 15 43 26
102 529 18 42 38 5 20 26 49 3 48 13 1 18 44 33 14 16 31 36 12 17 6 46 7 15 32 10 35 39 2 45 27 25 30 11 40 8 50 21 41 28 37 43 29 9
103 269 13 25 48 10 2 12 4 30 23 39 3 49 25 36 38 37 31 13 9 6 16 15 45 17 46 32 1
104 401 5 3 38 20 34
105 470 15 33 46 23 10 43 20 22 2 44 38 49 6 7 28 34 29 14 33 48 45 1 13 40 15 27 4 41 24 36 9 25 16 3 47
106 486 1 49 4 23 44 13 30 2 7 17 27 18 26 6 15 20 50 40 42 32 8 28 31 49 10 46 36 5 3 39 9 38 35 37 14 29 19 48 1 25 21 24 22 16 33 45 11 43 12 47 34
107 116 15 49 40 20 17 22 25 48 11 23 6 45 15 39 35 21 12 19 10 16 42 30 28 14 1 38 37 7 18 5 44 26 34 33 4 24 50 32 3 8 27 46 13 9 47 41 43 2 31 36 49
108 29 7 32 33 37 15 38 21 32 34 44 48 26 29 7 20 16 19 5 2 28 31 18 8 40 47 3 23 41 9 30 39 22 27 17
109 67 6 29 24 23 46 12 7 35 31 11 33 40 8 22 45 44 43 37 30 29 25 1 50 19 13 6 20 36 26 4 27
110 253 7 13 8 43 11 1 47 35 20 23 3 26 45 44 2
111 587 8 14 8 42 5 9 39 24 11 27 19 41 49 31 10 47
112 28 17 37 20 6 21 3 42 19 43 31 39 44 12 50 11 47 15 5 33 34 17 16 38 30 10 29 24 45 27 35 9 8 48 1 32 23 7 36 18
113 286 18 28 40 9 5 14 8 48 36 21 33 49 47 26 7 23 31 38 43 20 6 37 44 28 16 29 32 45 19 22
114 565 16 6 24 45 43 36 13 48
115 585 5 35 24 1 42 38 36 7 23 34 9 47 2 30 18 16 50 39 37 32 27 13 6 40 10 4 20 41 14 8 5 43 49 35 15 3 48
116 121 8 7 28 30 2 41 36 4 35
117 237 10 37 25 36 35 10 11 23 48 39 6 4 16 46 7 17 1 40 41 30 31 19 22 13 14 9 44 5 45 33 29 47 18 27 24 49 42 32 20
118 566 14 37 3 47 44 12 33 34 29 9 7 2 11 20 38 39 48 43 26 42 17 37 35 14 36 21 40 28 25 6 19 8 30 24 23 16 1 50 31
119 421 16 47 44 18 1 30 47 6 3 37 5 4 21 35 41 19 27 48 17 45 13 36 24 9 40 26 34 22 7 43 42 16 29 39 49 46 33 28 10 32 2 14 12 25 50 8 11 15 23
120 70 6 45 36 34 27 40 5 14 9 20 16 7 33 13 50 35 17 4 6 19 10 31 2 39 44 47 30 46 23 18 45 15 28 11 38 37 24 42 29 21 41 43 12 32 49 25 48
121 178 3 6 17 2 18 28 14 9
122 247 9 30 43 30 39 38 40 23 24 26 2 37 32 45 3 19 36 12 22 15 5 50 11 27 42 25 34 16 44 17 31 48
123 31 2 24 13 37 49 15 19 41 11 16 8 9 50 39 23 20 5 36 28 1 43 26 29 18 17 44
124 149 17 10 14 34 31 6 7 32 30 11 25 36
125 568 18 33 12 8 47 16 3 14 39 34 27 40 21 23 13 28 4 50 20 46 37 32 48 33 45 31 49 38 41 35 26 29 22 10 6
126 294 0 24 17 34 21 37 42 7 44 39 9 28 40 18 33 6 22 45 12 15 50 26 38 49 11 30
127 205 20 13 5 15 44 8 4 41 24 12 50 36 47 16 14
128 553 8 34 39 18 33 3 36 10 6 49 44 11 14 28 1 42 31 17 40 41 50 13 24 47 4 23 30 25 27 43 7 2 16 45 26 48
129 421 7 9 20 13 39 11 4 41 14 19 25
130 596 16 2 27 48
131 165 20 26 8 43 49 50 24 18 17 33 16 22 13 42 36 46 15 19 29 28 41 5 1 4 35 30 14 31
132 51 7 45 50 33 24 29 36 11 34 21 10 15 6 26 5 16 2 7 27 14 17 13 8 30 38 40 49 1 25 9 23 22 48 35 37 45 31 3 19 47 44 43 28 20 42 41 4
133 201 5 23 48 12 1 32 37 13 16 45 46 26 20 10 42 35 9 47 43 8 3 40 49 39 25
134 430 18 12 18 37 50 21 22 42 40 23 31 2 26 3
135 492 20 44 29 43 7 9 41 26 5 18 34 45 39 13 46 8 49 19 12 14 37 40 47 27 42 44 35 22 30 15 38 16 48 36 33 20 10 28 23 32 25 4 1 17 50 2
136 84 2 8 11 24 47 44 27 4 29 31
137 557 7 20 43 50 42 14 35 29 48 27 34 40 10 16 2 31 6 26 33 41 7 36
138 40 6 7 17 30 33 26 36 50 11
139 375 9 28 20 41 45 19 50 46 44 29 2 21 33 31 10 12 37 13 24 9 36 35 26 7 11 22 34 6 39 40
140 546 5 44 32 49 21 18 10 17 22 34 15 29 13 46 19 3 48 25 27 5 23 44 35 26 6 47 7 33 50 9 37 36 39 20 11 43 45 14 28 40 2 8 30 4 16 41
141 555 1 33 23 10 28 18 20 40 25 30 41 47 22 1 26 39 21 46 44 34 15 2 24 3 37 49 14 8 35 42 38 19 32 50 16
142 98 5 23 11 17 33 34 38 13 49 46 25 10 5 20 29 41 48 15 36 35 1 40 32 43 42
143 547 1 40 14 5 4 3 42 41 44 15 40 48 46 36 10 19 20 32 50 38 27 29 26 2 31 23 16 1 28 7 22 33 6 12 13 24 34 37 25 39 18 30
144 504 8 14 25 50 3 45 33 22 23 38 36 39 40 6 19 44
145 464 18 19 23 22 40 7 35 41 24 45 21 16 11 5 30 25 34 27 10 19 4
146 438 10 35 21 30 49 33 5 46 34 14 40 9 2 16 13 29 36 43 50 31 47 26 45 20 17 22 48 25 37 39 41 8 27 4 6 35 10
147 234 1 28 3 21 33 28 20 18 11 24 26 23 14 35 7 15 49 50 48 40 16 37 45 47 43 2 41 34 9 30
148 569 8 1 29
149 33 7 32 27 2 1 49 15 48 37 43 9 14 31 10 13 24 6 46 23 38 36 4 47 19 45 12 25 34 29 41 22 26 50 32
150 120 8 33 37 23 43 12 45 42 36 49 34 16 17 21 11 28 24 10 50 40 4 30 14 32 22 6 39 26 29 33 47 8 18 15 35
151 348 4 36 35 3 16 45 5 14 13 40 21 50 29 38 34 31 27 49 43 25 33 2 48 32 8 36 18 22 47 15 41 12 10 7 28 42 26 23
152 361 2 38 36 47 48 35 12 38 18 42 50 16 46 44 19 45 49 29 9 34 39 32 7 14 43 30 25 33 10 31 13 37 40 24 27 28 4 15 21 5
153 66 19 35 50 39 12 7 48 2 46 33 30 28 32 35 45 25 4 11 16 26 24 42 15 19 47 29 6 31 22 36 49 41 18 13 20 1 21
154 69 9 17 43 4 40 30 36 10 19 2 23 47 44 48 11 50 32 34 42
155 441 17 33 31 38 45 29 9 39 25 44 47 24 11 37 32 33 23 22 43 1 5 4 16 46 12 36 19 21 8 27 34 28 7 30 40
156 219 2 30 24 16 34 48 41 22 18 27 13 26 6 40 21 1 33 32 7 29 28 35 46 8 43 3 12 4 15 11 38 37
157 57 13 9 13 33 28 44 48 36 5 32 16
158 361 20 36 2 18 39 49 36 1 7 10 50 19 32 45 31 47 35 34 33 30 8 16 29 43 17 48 20 13 25 24 28 37 41 21 5 6 12 3
159 481 8 18 42 35 38 27 2 48 3 37 34 7 11 49 28 50 43 31 16 32
160 371 6 47 27 22 9 6 39 42 48 37 3 26 33 5 7 2 10 35 16 36 8 15 40 49 45 20 44 13 11 38 29 31 41 28 17 23 25 34 12 24 30 1 47 19 43 18 46 32 21
161 485 4 41 27 40 44 23 24 5 30 20 42 46 10 32 41 18 16 50 15 33 11 4 7 17 45 8 37 47 26 36 49 25 28 9 12 38 19 3 6 2 21 31 13
162 99 5 42 2 29 4 15 28 41 43 30 37 17 1 11 47 35 5 40 32 9 48 24 14 23 49 50 22 25 33 42 36 39 6 38 27 21 10 45 31 34 44 16 12 13
163 289 20 1 49
164 430 16 37 32 13 9 18 8 35 29 14 48 26 38 49 33 34 43 42 46 3 47 41 45 40 21 6 37 25 11 23 16 12 44 17 36 5 50 30 7
165 414 0 23 4 8 27 1 50 33 39 29 43 18 23 30 36 2 41 13 25 35 40 16 14 7 45
166 537 7 5 42 45 33 20 29
167 580 13 9 41 31 28 49 19 46 45 12 34
168 552 9 11 9 3 33 38 5 17 22 42 49 41 32
169 362 2 15 46 20 37 17 29 14 33 44 11 8 50 9 12 45 24
170 180 20 22 26 9 27 15 7 31 43 8 33 16 10 37 29 38 28 50 44 6 45 13 1 22
171 38 19 18 37 43 15 2 30 32 18 16 22 28 11 10 40 41 39 27 4 1
172 211 11 22 25 11 2 21 6 35 42 10 36 22 13 1 46 38 30 5 43 34 24 41 32 18
173 192 16 16 44 28 17 5 31 30 27 40 33 4 42 13 34 35 14 20
174 548 3 42 18 9 17 30 3 6 47 32 45 24 4 33 38 29 25 23 31 49 34 28 35 19 13 27 12 15 37 1 41 5 44 43 36 42 10 11 2 48 26 21 8 7
175 499 9 41 1 12 35 3 31 30 33 17 40 10 26 5 49 22 46 43 4 50 36 2 29 45 21 13 14 47 32 11 42 44 39 18 16 28 8 38 7 27 9 15 24
176 561 7 2 5 26
177 479 20 23 46 38 6 7 21 49 24 17 22 34 31 42 15 33 11 35 23 47 3 12 26 1 30
178 230 18 25 15 30 40 47 14 22 2 24 17 18 36 20 12 44 5 16 48 3 26 46 27 11 23 19 49
179 300 18 14 41 7 26 32 24 48 21 22 29 28 25 4 11 3
180 11 18 47 47 45 32 41 20 23 1 25 42 3 18 37 34 43 10 14 22 4 44 2 38 27 50 15 17 26 49 5 13 6 21 35 12 9 29 33 48 7 11 24 39 40 31 8 46 36 30
181 531 14 41 16 33 14 36 8 4 41 1 12 21 30 44 20 38 7 48 32 11 40 35 43 23 39 13 28 2 46 22 47 10 49 34 19 3 17 42 24 26 37 9 50
182 154 16 10 23 20 30 4 7 21 15 9 27 32
183 315 13 2 12 43
184 178 1 32 39 31 34 38 26 43 45 8 14 18 35 27 11 17 5 19 40 36 44 7 28 2 37 16 13 49 47 25 50 30 15 10
185 132 12 27 26 11 12 6 38 29 24 37 2 47 28 14 27 3 18 1 40 39 25 43 31 19 13 20 33 21 16
186 460 13 18 26 47 32 21 46 7 2 39 37 41 33 28 29 40 15 4 34 8
187 386 7 47 19 6 46 20 40 25 15 9 21 4 8 22 29 23 34 28 24 39 27 50 43 18 16 13 37 49 48 10 7 42 30 12 32 17 11 33 26 35 44 1 36 41 5 2 38 14 3
188 591 13 7 9 22 29 17 20 31 32
189 450 20 3 38 25 5
190 289 9 7 43 34 28 47 35 8 41
191 300 6 29 28 47 10 8 27 11 23 20 48 4 43 50 40 36 9 22 34 14 33 35 7 17 42 21 38 31 46 15 32
192 378 14 39 36 22 43 20 24 46 1 49 31 38 11 27 39 8 48 6 2 21 18 23 28 33 7 29 17 19 25 16 47 35 42 5 10 40 34 26 4 15 14
193 336 11 49 36 25 46 33 21 41 23 47 9 16 50 43 11 30 20 18 6 7 19 13 29 31 4 42 26 24 38 14 37 45 15 48 44 2 34 10 27 49 39 1 35 12 40 32 28 22 3 5 17
194 202 7 37 41 29 9 12 4 14 10 36 34 17 46 38 33 35 20 30 11 39 44 50 5 16 42 37 28 7 15 18 47 49 24 13 40 21 45 27 25
195 107 6 9 38 5 34 3 17 30 1 37 46
196 150 8 9 40 33 36 19 4 45 34 8 3
197 258 17 48 3 39 15 12 37 7 23 42 11 6 17 27 33 29 18 16 4 26 24 35 25 48 14 34 46 43 21 28 32 30 31 19 50 20 22 5 49 36 40 44 47 9 10 2 41 13 38 1
198 96 9 20 20 43 1 9 11 15 28 3 39 10 45 7 35 46 34 49 23 22 30 29
199 525 13 12 46 40 30 39 11 36 43 12 7 2 4 10
200 257 15 49 21 1 25 39 16 12 31 7 49 15 33 2 10 5 22 45 26 47 20 14 6 35 36 37 29 23 3 8 44 17 28 13 46 34 42 40 19 11 32 18 41 30 43 38 48 24 50 9 4
201 174 18 24 30 49 25 32 41 20 1 16 44 40 24 17 47 46 50 10 22 37 36 5 13 43 45 11
202 283 18 27 10 15 48 13 7 2 8 28 43 20 22 17 23 33 16 44 42 40 19 32 46 31 36 26 45 1 18
203 414 10 15 18 3 45 30 11 10 24 26 9 20 39 41 7 21 14
204 442 20 24 13 44 16 47 43 8 22 1 6 24 5 4 30 37 39 36 42 10 25 21 23 7 32 31
205 36 10 38 24 7 8 26 41 14 25 9 34 22 15 5 19 20 31 44 3 36 18 39 23 45 42 29 11 17 46 49 27 47 35 43 12 2 1 33 30 13
206 364 13 18 13 29 10 14 32 20 42 40 18 19 24 37 5 50 6 1 22 45
207 575 9 36 1 46 33 12 48 3 39 19 14 45 20 11 28 26 24 4 10 22 17 5 29 25 18 38 27 44 35 47 43 15 30 41 49 7 31 23
208 262 3 15 33 36 26 7 14 12 15 28 1 3 16 45 6 27 47
209 386 16 35 39 16 5 20 3 40 11 45 22 14 41 18 27 25 9 49 6 21 29 19 2 31 36 38 8 24 30 42 26 33 1 37 50 23 34
210 208 16 40 14 35 6 34 25 7 17 46 26 8 18 11 22 44 15 40 43 5 12 37 41 28 38 30 19 48 20 4 23 13 45 36 21 47 29 27 1 31 39 3
211 506 18 34 32 16 38 41 30 44 28 15 4 21 34 9 20 6 49 27 40 35 10 17 46 33 19 48 12 25 31 22 36 29 45 8 18 11
212 522 15 23 46 40 6 2 27 48 34 39 26 36 3 17 9 47 50 28 5 43 14 10 44 29 24
213 148 13 13 19 8 1 17 35 28 31 42 24 25 2 3 32
214 199 2 36 7 30 31 22 19 28 34 5 43 17 23 25 6 12 50 2 32 26 24 16 39 20 49 40 41 47 46 29 15 33 18 4 9 8 14 48
215 577 17 38 38 36 1 12 14 40 37 20 32 5 31 35 16 34 21 23 7 48 9 49 26 46 8 45 44 11 24 19 50 41 6 10 28 2 29 15 47 22
216 297 9 43 24 33 9 30 49 31 27 36 48 28 11 25 42 50 4 26 35 8 19 29 18 22 45 6 41 46 10 47 2 44 37 1 3 20 38 12 43 32 16 7 39 34 17
217 526 8 10 16 48 1 25 3 17 43 23 12 15
218 379 0 24 8 10 22 26 2 5 35 28 19 31 24 12 43 16 25 46 14 13 48 39 33 21 37 45
219 74 0 40 42 49 3 34 48 20 16 12 31 35 36 8 23 40 4 18 11 6 27 1 46 5 26 41 13 44 47 45 14 39 25 24 2 9 33 32 21 15 43 29
220 476 2 17 49 16 4 15 43 41 19 13 47 45 12 31 25 29 44 14 22
221 68 12 31 8 2 7 46 35 47 17 28 15 39 32 40 45 24 50 42 21 31 33 1 19 36 26 29 14 23 38 30 43 4 18
222 420 20 7 43 9 37 47 18 24 40
223 187 14 2 17 42
224 207 18 34 18 41 5 27 28 24 23 32 15 37 21 7 40 19 46 8 49 9 43 38 26 34 4 20 13 2 33 12 44 29 36 50 11 39
225 562 17 39 44 16 20 10 40 14 32 31 2 17 21 50 30 46 19 15 43 3 11 49 27 37 4 6 28 34 7 23 12 47 26 33 18 29 8 48 9 42 45
226 437 17 17 7 3 21 47 26 33 13 48 12 39 41 29 44 8 22 4 25
227 53 19 13 3 34 49 9 11 29 5 47 40 13 2 31 16
228 89 19 25 47 15 27 16 24 33 43 50 1 45 17 6 14 29 46 9 8 42 30 34 11 28 39 23 49
229 437 15 11 17 13 1 24 4 45 26 38 44 47 46
230 98 7 2 36 3
231 428 19 13 45 11 39 33 10 40 43 31 21 22 50 23 24
232 522 1 23 5 38 37 49 19 18 42 48 32 9 40 10 8 28 7 33 47 25 29 43 13 50 1
233 428 19 7 44 16 7 2 26 25 36
234 222 1 42 1 43 2 4 39 25 26 20 44 18 10 37 33 14 3 32 47 21 41 42 34 8 31 27 48 46 28 49 29 11 45 38 22 24 9 35 17 7 36 30 23 15
235 191 5 27 25 27 9 22 14 35 30 46 33 5 2 7 48 37 4 12 20 8 41 10 34 17 36 44 42 49 39
236 253 5 17 5 16 22 26 25 18 48 47 41 45 15 8 20 31 37 12 49
237 222 12 39 34 48 23 42 13 16 1 18 15 21 49 24 4 7 12 5 44 50 10 39 3 17 11 46 41 37 35 26 22 2 27 45 32 20 28 19 36 43 31
238 446 9 35 45 38 33 31 39 47 30 3 36 8 29 41 6 40 21 10 32 14 42 23 49 50 7 19 34 20 26 15 11 1 17 18 37 28 35
239 369 4 13 4 3 46 19 31 38 12 32 15 48 5 43 10
240 495 0 41 38 12 14 9 35 13 40 20 2 25 5 45 49 18 36 8 47 43 27 32 30 44 7 3 46 10 19 23 33 31 24 41 16 6 28 17 4 26 11 22 37
241 547 15 22 6 44 18 42 15 30 40 29 12 4 2 49 1 9 34 11 37 14 35 28 10 5
242 324 10 40 38 34 8 46 47 49 24 17 42 39 43 7 2 36 9 44 30 22 40 37 15 21 26 20 16 32 19 50 23 18 48 13 4 11 41 31 25 6 27 1
243 303 0 1 29
244 386 10 4 15 5 39 44
245 110 8 20 25 8 12 3 2 46 44 36 40 4 48 49 13 17 34 6 39 11 47 50
246 540 11 27 46 34 48 27 36 20 49 43 25 30 12 37 23 11 22 44 18 19 1 32 10 42 6 14 17 26 50
247 517 13 27 21 20 40 41 46 36 13 31 42 30 12 25 27 22 37 6 14 7 38 47 16 4 3 11 43 35 15
248 243 5 17 31 21 20 14 19 9 35 48 25 40 33 5 34 27 18 42 28
249 297 4 18 42 3 36 46 21 29 39 5 50 43 26 41 24 38 49 16 25 48
250 166 4 8 29 38 8 1 50 7 4 12
251 101 5 37 47 20 27 37 4 21 45 50 48 31 10 49 35 44 29 43 1 38 16 42 6 13 15 22 11 46 36 14 39 33 7 8 5 41 17 9 25
252 311 3 29 17 15 4 45 24 26 33 27 20 3 49 32 12 18 34 2 28 44 19 25 46 10 40 8 23 21 41 31 16
253 84 9 2 29 16
254 55 11 43 34 10 44 6 22 32 48 5 41 9 17 49 50 30 40 28 14 43 25 31 4 20 33 24 11 23 2 26 13 35 1 36 18 45 7 19 47 15 37 38 27 21 46
255 215 9 8 15 38 18 24 45 21 36 27
256 209 6 29 8 26 32 35 34 36 46 20 30 7 31 29 37 40 22 16 11 21 27 24 38 14 47 44 10 9 25 28 45
257 517 8 24 40 43 45 29 33 30 41 39 38 11 32 46 47 25 7 42 22 26 13 10 17 49 24 14
258 51 5 43 2 17 46 42 13 8 10 31 37 28 5 30 25 12 9 21 15 45 1 26 35 16 36 20 33 49 14 43 29 44 11 39 6 40 34 32 23 18 41 24 38 50 19
259 202 20 19 32 11 43 21 33 14 13 44 25 17 12 46 45 39 20 30 48 26 6
260 92 0 38 15 28 29 8 46 4 24 14 27 49 23 44 13 41 20 48 33 38 26 6 7 34 3 50 19 32 47 40 45 35 16 42 17 22 5 25 21 36
261 538 18 4 38 20 25 39
262 412 3 28 46 22 36 35 14 31 49 26 37 5 3 27 20 30 41 25 32 10 17 23 39 4 21 16 18 11 6 43
263 351 0 43 47 2 24 23 49 48 28 22 42 7 37 41 16 29 27 3 44 6 30 50 32 36 15 19 46 31 20 14 12 40 45 21 5 39 35 25 34 11 10 43 26 8 33
264 162 13 25 45 28 46 18 4 21 44 39 13 16 48 2 9 15 36 30 38 37 50 24 1 26 33 6 40
265 363 18 6 50 48 33 43 32 7
266 544 9 27 45 6 3 23 30 32 9 11 31 25 29 4 44 18 42 26 13 39 40 14 17 27 37 16 5 33 15
267 545 8 47 12 24 44 6 18 20 27 3 10 22 4 41 40 34 19 39 2 16 5 8 47 25 15 38 14 29 23 9 26 30 43 45 33 48 36 11 17 7 28 42 49 35 37 31 32 13 1
268 326 20 46 35 43 11 25 7 22 19 30 4 33 44 50 38 13 14 17 45 28 29 16 20 37 6 39 47 48 2 24 26 18 32 34 8 36 27 46 42 9 15 21 41 12 40 10 3 23
269 130 13 49 1 12 50 21 5 45 47 13 36 48 43 42 34 18 33 11 6 2 19 31 3 26 38 23 16 41 22 49 15 17 4 28 7 8 30 32 14 27 37 39 29 35 24 25 20 40 9 46 44
270 463 20 19 17 9 16 8 31 43 23 14 4 40 24 34 12 42 29 22 36 35 44
271 297 3 35 32 12 8 41 23 30 36 14 20 39 26 47 25 42 9 5 22 43 38 35 40 45 44 29 50 17 27 6 24 31 28 33 49 7 48
272 450 10 32 31 11 45 32 41 27 36 15 2 25 17 33 16 23 10 44 43 47 9 29 38 28 12 18 13 30 7 21 24 1 22 5
273 375 20 29 34 23 4 18 45 24 49 15 39 17 31 3 14 2 28 19 22 42 7 38 11 32 43 5 1 35 50 41 16
274 125 3 38 22 5 33 15 29 8 49 19 46 18 1 37 36 47 44 24 35 9 25 40 45 13 17 31 23 27 6 4 21 43 11 16 30 34 2 7 10 32
275 331 14 21 1 15 47 7 19 46 3 13 20 32 34 43 35 28 30 40 6 14 38 31 33
276 374 6 23 13 46 32 19 8 10 18 33 29 30 15 24 6 12 4 25 3 38 11 49 47 39 9
277 30 7 43 44 50 39 24 3 6 37 21 12 32 8 47 4 20 1 15 14 27 16 34 45 48 17 9 11 19 7 46 28 40 41 29 36 49 13 35 18 30 38 5 2 42 31
278 260 9 20 19 48 50 15 4 36 47 5 45 26 44 32 46 6 30 38 9 27 41 12
279 401 8 5 23 11 46 12 4
280 407 4 24 14 47 28 9 6 40 32 1 16 39 42 31 26 48 38 34 7 45 21 41 4 10 27 25
281 159 6 36 41 17 23 11 39 10 30 34 4 31 36 35 46 14 33 27 37 45 43 21 9 50 47 48 15 18 26 32 22 7 16 3 20 12 24 44
282 525 13 46 49 14 36 26 29 10 24 19 45 46 11 48 15 30 13 50 47 17 40 44 12 27 9 34 23 38 8 35 1 43 33 16 5 22 2 31 6 4 37 42 18 28 25 41 7 32
283 466 6 15 6 50 27 21 2 1 15 11 14 25 16 12 35 8 48
284 568 15 17 30 27 21 6 36 26 10 3 47 22 38 13 4 41 33 1 37
285 531 9 19 30 36 5 2 11 21 4 28 27 41 39 13 42 24 38 14 9 44 49
286 69 9 27 41 8 26 32 42 15 11 45 7 10 16 22 46 25 24 47 49 12 29 5 39 6 44 50 19 18 4
287 508 11 8 7 33 14 2 16 19 50 24
288 41 1 45 25 9 20 1 12 24 38 39 14 46 10 3 33 5 27 21 41 34 4 42 19 15 7 43 32 48 29 8 45 13 6 47 35 18 17 22 40 11 23 2 26 36 44 31 37
289 116 3 17 39 44 32 12 2 5 20 9 10 37 22 33 16 28 42 7 34
290 253 10 43 44 9 20 12 2 35 5 18 36 7 43 4 13 11 3 17 6 33 29 26 45 16 25 41 28 22 50 30 48 46 14 15 24 40 38 8 32 39 37 10 34 49 42
291 325 9 49 28 36 3 42 38 1 45 5 39 2 48 8 33 30 16 11 37 44 35 26 46 15 21 7 20 25 14 40 22 41 43 6 34 17 12 10 18 9 13 47 29 4 19 23 32 24 31 27 50
292 359 3 16 12 23 24 50 21 36 33 1 27 9 43 42 31 30 19 41
293 166 19 13 18 38 4 50 12 36 45 47 1 27 41 8 42
294 531 0 36 21 19 20 2 49 1 31 6 24 46 26 23 41 7 25 36 43 48 35 9 30 44 28 42 11 14 17 50 34 29 33 12 3 45 38 40
295 464 20 37 31 48 11 4 28 29 10 44 19 16 37 5 34 50 25 49 41 23 9 38 7 6 30 14 46 45 15 12 27 2 35 33 18 22 26 21 43
296 162 12 2 36 9
297 205 11 33 41 49 21 42 14 27 26 12 45 11 46 19 3 17 36 38 50 23 13 29 47 31 25 22 2 24 10 20 35 18 16 1 43
298 264 14 14 33 6 40 21 22 12 32 19 5 28 9 26 15 48
299 196 8 36 6 17 5 34 33 9 7 28 22 18 11 47 16 4 36 43 12 42 3 44 26 37 41 8 24 49 30 13 48 32 29 15 35 2 23 27
300 492 0 26 16 8 28 21 43 33 45 7 40 24 32 10 14 22 19 34 11 47 39 1 6 38 18 13 30 20
301 148 7 48 35 43 6 28 20 13 11 45 36 7 30 42 2 8 1 23 9 37 4 10 22 49 33 31 12 14 24 46 19 27 16 50 5 48 39 34 40 38 15 44 25 17 41 47 3 21 29 32
302 347 18 4 5 30 31 37
303 425 14 27 36 35 34 16 41 10 8 13 27 28 39 7 30 40 14 15 25 11 22 5 45 29 37 46 50 47 33
304 165 19 36 14 37 19 1 31 3 22 23 32 6 5 21 39 16 18 9 13 41 24 34 25 29 40 44 36 10 47 33 48 49 46 43 50 42 8 28
305 357 15 42 18 8 2 39 50 22 41 16 47 38 31 17 35 9 40 33 12 4 15 11 29 44 48 10 36 42 37 25 13 1 14 27 7 5 45 32 24 20 30 3 49 28
306 217 6 45 46 22 23 41 36 16 49 11 29 35 7 40 19 48 12 14 31 47 30 34 3 21 1 5 24 2 25 50 15 38 13 9 33 37 26 17 44 39 45 6 8 10 43 4 32
307 11 16 16 3 48 41 26 15 31 20 1 38 21 28 12 18 34 37 40
308 518 10 41 3 7 16 28 11 30 38 21 31 1 5 44 43 18 34 49 41 6 37 20 25 17 36 27 10 29 2 40 14 23 39 48 19 45 8 42 22 26 35 46 33
309 344 0 23 6 13 34 3 10 43 7 21 37 1 32 49 26 42 48 20 4 17 44 50 22 12 15
310 226 8 42 2 45 31 9 50 22 12 6 27 20 33 23 35 25 39 15 48 19 3 37 4 21 44 5 30 11 49 43 24 46 32 16 47 41 10 14 38 40 26 36 42 17
311 421 1 10 10 2 17 34 41 45 24 19 4 31
312 276 5 16 12 48 47 11 25 33 21 7 5 4 19 43 50 49 1 22
313 100 19 38 48 27 39 17 35 31 14 24 43 28 49 15 6 23 25 18 46 5 9 4 41 8 26 30 1 22 38 12 10 32 37 47 21 3 7 42 16 36
314 247 14 22 45 14 5 12 49 13 41 1 2 10 7 6 33 50 40 19 39 28 22 42 16 46
315 311 20 47 7 27 48 50 44 35 17 5 26 10 40 11 13 25 20 12 39 15 21 42 16 31 47 6 28 45 1 8 38 14 30 32 19 36 34 24 22 29 18 2 33 49 9 3 23 41 37
316 176 1 32 36 35 13 9 15 19 44 50 47 48 32 29 24 39 5 27 16 34 31 1 20 49 28 8 2 38 14 7 25 26 21 22
317 170 1 45 4 46 10 50 43 11 13 31 38 42 14 7 45 39 24 27 30 32 2 49 8 15 44 3 9 34 28 47 37 17 20 36 23 19 12 48 16 5 40 22 35 21 25 26 1
318 459 19 9 27 28 12 1 22 42 13 21 35
319 117 16 35 22 36 26 50 2 14 34 40 42 7 4 37 43 38 31 35 6 21 10 44 3 49 24 5 25 12 8 16 13 20 28 1 41 15 33
320 356 1 39 33 44 1 31 15 21 16 48 6 39 14 37 22 5 3 32 13 25 17 49 9 28 27 29 36 18 2 41 35 42 38 30 20 40 24 4 11 8 7
321 74 7 14 48 47 11 1 31 30 4 10 16 29 26 12 8 18
322 474 6 47 4 7 9 16 31 37 13 19 18 47 50 6 42 15 45 38 23 14 35 17 5 1 27 2 40 29 43 36 25 34 10 33 30 20 48 41 11 22 28 44 12 26 3 49 8 39 46
323 338 11 48 14 3 5 43 40 29 16 20 12 48 34 18 33 35 47 17 26 49 41 31 8 10 2 13 36 42 1 21 7 24 45 6 25 23 22 19 32 30 27 9 15 38 11 50 46 39 28 37
324 460 20 26 41 13 39 5 45 49 12 11 21 37 44 43 33 38 15 36 16 6 34 20 10 26 1 7 2 30
325 464 7 15 36 5 31 18 38 8 26 27 3 11 19 37 15 46 9
326 373 4 29 40 25 36 39 17 34 48 6 37 45 24 3 30 44 4 18 49 19 13 50 12 38 9 1 28 32 11 47 35
327 489 12 36 19 8 27 21 28 30 13 36 3 12 41 10 33 1 15 17 40 48 49 25 22 50 6 16 7 38 43 26 45 46 18 37 44 14 4 39
328 442 9 17 38 43 16 27 10 25 6 46 36 19 28 1 20 14 2 7 37
329 456 8 21 8 13 37 47 22 41 26 24 31 33 11 50 42 21 49 10 9 14 17 40 30
330 160 4 6 42 45 23 6 40 12
331 11 9 46 32 1 27 42 25 41 5 35 18 38 16 4 21 11 43 48 44 46 8 22 31 26 36 9 24 34 12 37 7 17 10 14 3 28 29 47 6 20 39 2 19 15 13 40 45 30
332 121 4 13 48 16 29 46 34 43 44 24 40 50 13 15 19
333 523 7 46 10 26 50 25 15 34 46 19 17 5 44 37 36 40 28 22 27 41 35 13 21 31 9 6 4 20 3 12 30 7 1 8 39 16 38 48 14 29 49 11 45 43 33 32 23 2
334 528 18 27 17 45 21 7 26 37 13 11 12 24 10 36 3 23 46 18 44 9 15 50 38 48 41 6 39 49 33
335 311 11 18 6 50 3 13 47 14 42 18 9 34 32 2 26 43 27 4 37 22
336 239 9 48 41 24 3 21 9 13 49 17 1 31 25 5 15 22 23 42 29 7 35 47 11 30 38 8 43 45 40 33 44 27 14 37 32 6 50 48 16 34 19 2 39 36 20 26 10 46 4 18
337 296 17 48 10 38 26 49 17 27 35 22 29 2 6 46 47 8 50 36 3 9 20 4 34 30 18 1 12 15 48 16 32 19 11 41 44 13 28 42 37 25 33 21 31 45 43 23 14 5 7 39
338 527 11 40 38 10 47 32 25 4 20 33 35 11 29 14 28 2 5 6 8 43 45 22 7 19 15 26 49 48 12 42 16 13 3 21 17 27 31 40 44 18 9 1
339 453 19 23 35 17 30 24 21 8 6 9 18 48 22 28 23 10 40 29 37 36 11 26 12 2 47
340 56 10 25 20 10 50 17 30 11 1 42 22 47 39 6 44 26 3 12 4 38 5 13 18 25 49 33 43
341 252 18 5 3 18 32 49 37
342 349 8 21 10 35 14 21 16 48 43 49 34 45 25 24 40 42 6 23 36 17 19 28 5
343 452 11 1 28
344 84 0 5 3 6 11 41 4
345 336 0 33 4 28 3 37 24 31 13 20 11 26 7 8 29 50 34 47 32 21 40 49 39 12 22 10 16 43 41 18 6 30 14 17 2
346 533 19 11 15 6 45 9 39 31 27 41 28 25 24
347 294 13 14 17 14 9 45 23 44 15 7 39 32 11 24 48 37
348 36 5 42 17 34 5 47 41 29 14 10 19 24 12 11 20 22 21 9 31 44 40 13 26 3 30 50 45 1 7 32 2 43 37 18 48 38 8 46 16 15 39 6 23 42
349 156 10 14 22 39 29 6 33 46 19 34 41 26 5 42 40 47
350 588 2 9 18 6 15 20 22 44 10 3 39
351 561 10 37 10 31 50 43 30 15 1 33 9 19 12 29 3 23 45 44 46 24 16 4 8 14 42 22 2 25 38 7 11 49 6 40 39 13 17 37 36
352 318 0 23 12 11 8 21 6 42 39 27 17 19 45 46 28 47 26 38 50 3 10 33 22 30 37
353 43 1 9 34 2 43 28 40 42 35 20 19
354 194 1 8 36 6 47 38 29 8 10 3
355 40 13 46 16 50 44 12 40 8 7 15 27 21 13 33 5 11 29 37 36 18 47 1 39 19 2 26 10 45 3 9 46 22 35 14 32 28 34 24 31 38 48 23 20 30 17 6 4 49
356 409 15 36 25 44 9 32 29 17 1 31 13 49 21 15 45 6 33 41 40 12 30 39 8 23 3 22 28 27 16 20 42 37 7 26 35 11 50 48
357 491 3 41 39 47 12 4 2 25 29 44 50 11 35 31 19 15 24 16 34 20 32 18 17 1 28 45 27 5 7 8 9 26 10 33 30 14 43 42 13 22 41 21 46
358 306 8 18 34 19 46 9 22 24 45 3 26 42 41 20 43 37 18 1 13 36
359 449 9 49 22 11 42 5 16 38 20 33 8 35 6 31 49 23 1 2 32 12 41 29 45 48 19 46 34 25 40 43 21 14 36 7 37 39 17 9 47 3 27 26 28 15 10 13 30 24 50 4 18
360 360 7 39 17 2 27 44 50 33 28 6 26 43 29 22 12 13 16 31 25 30 23 14 39 3 7 34 49 20 36 24 21 46 11 9 15 4 47 19 41 37 40
361 405 16 35 10 43 36 50 18 19 42 14 8 23 35 2 21 24 39 26 5 44 17 48 15 9 32 1 40 28 30 22 45 7 3 41 31 20 12
362 342 15 39 39 16 18 33 26 38 11 28 21 5 48 29 2 15 10 30 24 42 13 22 20 46 25 3 27 36 19 32 44 31 37 1 43 4 12 23 14 47 35
363 364 9 36 12 26 46 34 39 10 18 47 8 13 44 35 30 43 32 25 21 50 22 1 36 5 16 40 31 28 41 11 29 33 15 19 3 49 23 4
364 18 3 4 15 25 8 27
365 60 12 5 14 49 25 7 29
366 442 11 22 42 4 45 20 24 14 15 29 2 43 47 50 25 3 27 26 44 33 41 16 18 22
367 348 14 9 10 32 33 13 18 48 43 15 21
368 523 7 45 31 45 24 29 26 23 1 4 7 39 2 18 28 6 11 25 44 50 43 9 37 22 36 34 47 20 40 15 41 42 17 21 19 30 3 38 14 35 12 46 10 8 5 16 13
369 146 4 25 8 27 23 46 17 18 29 9 28 1 25 42 36 21 35 26 31 22 41 14 16 33 45 4 48
370 533 13 22 42 16 38 36 7 14 27 46 12 23 25 37 39 50 3 20 17 45 22 47 41 26
371 291 4 7 32 21 20 48 11 16 23
372 496 5 26 45 11 1 8 35 18 49 47 12 15 31 38 44 9 48 27 50 4 42 29 32 39 22 33 24 5
373 458 3 32 40 1 17 47 21 48 4 32 30 9 42 25 13 6 38 49 41 26 2 28 44 24 20 18 39 7 8 5 11 33 43 29
374 48 15 24 34 31 17 26 30 2 48 18 22 11 45 24 38 19 37 29 25 12 47 28 6 42 46 4
375 478 0 49 19 44 47 13 30 6 36 45 27 23 34 42 21 31 48 2 50 10 46 8 26 11 12 17 49 25 40 38 9 3 20 16 14 4 18 1 29 43 7 22 5 28 32 15 41 24 39 35 37
376 91 11 8 6 7 30 47 22 34 42 31
377 261 9 30 46 8 11 16 27 39 15 3 31 42 23 34 26 33 40 48 37 6 47 12 1 2 13 19 38 24 43 30 9 21
378 574 0 20 11 15 34 20 5 16 13 32 1 40 36 26 46 10 48 41 50 44 43 18
379 165 9 19 35 47 6 41 31 38 24 14 30 2 21 22 33 49 42 10 3 17 23
380 77 18 43 6 12 8 13 10 26 9 18 17 44 43 5 33 11 25 45 34 3 28 23 49 24 4 35 1 39 40 7 42 21 16 37 46 29 38 15 50 41 32 14 48 2 31
381 398 14 47 38 21 32 19 18 16 50 47 44 27 35 14 23 39 37 28 29 8 2 48 31 20 46 45 1 11 41 3 15 25 13 36 34 24 4 9 26 12 17 49 40 22 7 30 10 43 5
382 124 4 23 23 3 21 42 38 39 13 7 1 4 15 30 33 20 11 26 27 16 31 28 44 49 6
383 418 4 46 29 32 31 6 37 41 9 21 40 38 49 15 39 45 1 11 34 47 3 43 17 13 48 19 5 24 14 42 22 27 12 8 26 28 20 44 2 35 36 4 10 46 16 25 50 7
384 370 12 15 4 46 18 36 5 17 26 24 50 1 8 39 40 2 25
385 446 8 13 17 5 47 42 39 6 13 21 45 32 8 29 37
386 545 14 2 18 22
387 397 0 40 46 41 47 42 6 4 7 24 8 31 9 14 13 40 35 25 43 34 30 50 36 45 38 12 27 22 19 5 37 21 29 32 17 39 3 49 1 28 26 33
388 533 2 29 41 36 10 12 47 29 32 35 18 28 34 13 19 9 49 5 24 11 40 16 3 33 21 6 46 37 38 43 25
389 520 2 16 46 39 8 22 14 10 20 48 26 42 38 44 16 37 47 13
390 276 16 48 4 20 10 18 36 38 28 13 43 44 5 48 33 37 15 2 14 17 9 7 45 21 39 29 22 46 25 40 8 47 31 12 27 32 26 3 42 23 24 41 1 11 6 30 49 35 16 19
391 499 18 20 50 34 6 5 10 26 19 43 48 17 49 14 44 9 46 31 47 27 21 15
392 540 7 9 22 3 43 2 20 11 49 36 50
393 235 11 1 29
394 263 7 19 8 30 46 22 33 5 13 18 47 50 11 42 45 26 34 35 38 36 2
395 243 12 24 27 38 23 20 35 19 22 11 50 26 13 1 18 8 21 28 44 42 40 30 37 48 41 3
396 495 1 14 13 9 29 6 14 50 35 41 31 18 21 36 40 44
397 521 2 49 6 44 35 42 11 49 45 8 3 50 21 48 23 41 7 5 25 1 40 17 33 34 9 12 37 16 30 20 32 26 28 22 47 39 13 19 10 2 31 36 46 27 38 24 29 43 14 18 15
398 492 17 37 11 15 25 34 22 1 5 21 49 43 3 45 31 8 23 35 14 40 18 50 7 10 32 37 41 19 36 44 13 12 17 47 26 39 30 27 28
399 320 8 25 33 46 6 11 28 13 39 21 47 38 27 23 34 45 24 36 7 37 26 16 48 50 30 3 22
400 290 13 28 13 49 28 48 29 14 19 25 31 24 3 7 38 2 47 39 17 18 37 8 50 33 21 5 42 11 9 34
401 302 13 41 38 14 3 28 25 24 10 26 7 9 4 2 18 43 1 20 5 8 46 36 47 11 40 50 45 33 12 42 41 48 29 27 34 30 19 49 44 17 37 23 31
402 396 20 42 9 38 18 39 36 46 37 25 3 30 16 21 12 19 49 47 31 2 44 28 15 7 45 14 10 50 40 20 48 6 34 33 26 35 29 4 13 24 1 23 5 22
403 582 2 49 32 41 50 49 7 39 13 4 31 5 42 22 20 25 12 8 29 18 38 19 16 44 34 46 14 15 35 1 27 45 40 28 30 47 21 10 43 9 37 24 11 17 48 26 2 36 3 6 23
404 475 4 44 15 42 37 21 7 4 34 23 17 31 22 46 33 9 2 28 11 27 5 29 39 24 50 13 41 35 25 18 12 38 36 10 19 40 45 49 16 8 26 1 44 47 6 14
405 482 14 13 47 25 27 48 17 10 40 13 39 20 45 49 14
406 584 5 5 41 19 35 46 9
407 402 12 36 13 5 27 39 29 19 33 42 28 7 12 22 16 45 38 32 40 37 25 44 21 31 14 41 4 35 50 3 36 10 2 43 26 6 1 47
408 509 8 39 28 8 42 33 23 6 16 47 21 32 48 3 50 25 35 1 36 30 44 39 31 37 15 18 45 22 24 40 7 14 49 17 29 19 9 46 2 38 12
409 505 7 36 44 49 3 38 39 46 28 25 4 8 10 43 7 18 32 42 26 47 34 11 24 13 9 41 36 6 48 20 5 35 12 21 40 30 16 27
410 23 0 9 34 38 15 16 33 19 8 49 22
411 412 3 37 21 45 30 20 11 3 19 13 33 42 41 35 15 17 6 40 1 29 25 49 38 10 12 27 4 37 2 22 9 47 7 24 50 31 32 28 8
412 511 10 10 28 26 15 42 37 17 21 34 27 50
413 587 7 15 32 17 36 39 23 21 4 18 35 28 33 22 10 42 11
414 47 0 36 8 34 27 29 35 31 12 46 9 50 38 17 3 45 41 36 14 49 32 4 1 42 33 15 47 44 13 21 22 39 43 16 48 28 30 26
415 420 2 30 1 43 4 29 28 13 16 10 30 17 20 7 8 2 3 19 46 22 35 34 6 15 5 42 18 40 48 45 44 33
416 13 17 35 23 16 38 27 7 3 18 10 29 14 46 34 41 20 48 47 40 32 2 45 39 12 44 37 5 15 28 43 35 30 19 17 8 1 9
417 307 14 39 10 17 46 28 24 8 45 16 20 31 40 30 47 43 41 35 7 44 1 36 32 19 3 2 29 37 13 38 39 25 22 33 26 42 12 21 14 27 4
418 325 17 37 19 44 18 25 50 4 12 48 10 13 20 34 24 1 6 38 41 23 11 3 26 28 43 5 36 14 17 40 35 15 46 42 7 31 30 16 2
419 279 12 14 22 42 18 6 8 28 32 36 14 38 23 12 44 41
420 557 19 35 25 1 15 11 43 19 36 21 2 46 24 41 29 47 13 48 14 27 26 3 44 34 17 12 33 45 37 28 22 7 9 16 30 23 50
421 229 20 11 26 25 14 11 21 34 30 9 32 28 12
422 122 11 24 49 4 50 35 5 32 26 47 15 19 1 29 6 22 30 45 14 28 12 23 41 42 3 27
423 340 13 22 2 36 26 18 10 16 49 45 28 42 25 31 12 35 14 22 8 47 7 21 23 4
424 572 14 17 39 22 28 17 36 26 30 7 4 37 35 42 45 44 12 49 1
425 517 17 17 10 21 37 44 29 20 36 42 48 3 33 7 17 8 38 18 50
426 274 3 13 49 12 23 50 37 29 13 3 4 2 21 20 39
427 407 14 34 47 49 22 4 2 10 44 32 27 8 21 29 13 26 18 23 38 12 33 43 41 16 14 25 20 35 37 11 6 34 9 39 45 3
428 302 7 3 20 5 37
429 79 15 18 9 19 3 48 14 50 25 32 18 15 45 49 46 21 44 34 35 26
430 160 9 46 4 29 25 15 47 19 10 32 8 17 39 36 12 2 11 41 26 30 7 35 40 27 45 34 9 31 48 37 43 14 18 42 23 1 20 46 50 13 3 16 21 24 22 44 49 5
431 551 3 26 27 10 29 32 24 43 16 50 30 48 20 28 39 13 37 14 41 22 47 34 36 26 38 19 18 33
432 252 3 44 46 7 48 35 40 14 21 43 39 30 36 31 50 49 8 6 42 25 16 5 13 41 45 32 10 37 34 27 4 18 9 15 20 1 47 24 38 17 23 12 29 33 11 28
433 209 15 13 46 23 24 15 20 1 21 32 7 3 33 17 36
434 313 8 2 32 10
435 209 17 48 44 30 48 26 39 40 46 9 29 23 3 41 22 17 33 20 16 7 34 31 6 42 27 45 10 5 38 11 43 47 21 36 18 8 49 24 2 19 13 15 28 12 14 4 32 37 25 35
436 265 17 43 18 49 31 22 8 41 6 50 19 28 44 47 27 45 11 36 42 38 40 9 23 2 24 34 13 43 30 37 12 4 33 35 1 26 29 16 48 32 15 20 10 5 25
437 215 19 28 11 37 3 18 22 30 27 41 40 12 9 10 16 47 8 2 36 17 24 23 42 43 33 25 45 6 38 13
438 324 10 19 25 18 40 32 13 35 6 49 31 4 42 36 30 11 23 14 34 48 21
439 482 18 45 11 40 46 31 24 3 49 9 12 23 8 34 10 48 5 13 16 26 30 4 2 18 33 19 20 38 7 41 15 29 45 39 32 28 35 1 6 17 25 43 44 14 42 37 27
440 15 19 37 9 39 26 36 49 48 14 28 27 30 41 19 33 18 35 42 34 23 22 43 2 44 50 17 38 46 16 4 12 37 11 6 29 40 8 15 31
441 155 17 13 6 30 7 10 13 20 22 26 25 42 32 39 17
442 195 1 18 9 6 47 1 19 34 27 23 33 24 17 30 22 13 7 37 11 42
443 101 16 9 42 7 18 13 49 5 48 3 35
444 591 14 30 28 49 22 34 40 39 37 38 5 35 21 36 48 18 13 17 32 41 8 30 26 1 42 16 43 33 11 14 45 25
445 569 20 12 23 12 35 40 11 46 36 26 48 42 1 25
446 350 11 45 45 35 30 21 46 15 33 5 10 9 22 42 1 26 7 40 27 28 4 41 23 44 31 12 29 36 38 49 50 48 34 14 19 39 6 11 24 20 2 8 3 32 25 13 17
447 462 9 8 43 12 31 42 35 4 38 33
448 482 1 13 15 28 46 32 26 9 5 2 6 24 4 47 50
449 100 7 44 47 3 5 38 46 2 14 41 15 10 19 22 1 11 24 42 9 37 35 16 45 20 28 26 36 50 25 12 39 30 6 27 34 40 7 13 4 32 18 31 49 33 48 8
450 583 2 42 12 11 47 8 48 22 27 44 41 39 10 3 38 37 17 6 26 19 31 36 15 23 21 46 49 35 28 30 16 18 29 45 50 20 4 7 5 32 33 24 2 1
451 222 4 35 21 43 7 8 36 20 27 11 45 5 12 16 23 10 38 24 29 35 41 42 33 17 50 48 49 14 13 4 28 18 30 19 1 31 40
452 136 2 46 39 38 20 18 48 34 47 21 33 16 15 22 26 50 29 6 42 37 5 30 9 44 35 25 1 19 4 36 10 40 41 14 24 46 3 45 32 7 11 43 31 13 23 49 17 27
453 371 1 24 24 10 27 22 38 30 44 33 41 40 3 32 2 49 11 45 21 20 9 35 5 29 13 28
454 49 7 15 36 19 40 6 29 25 42 32 22 13 34 27 14 5 8
455 341 12 29 8 16 28 35 32 31 18 30 7 33 24 38 12 6 29 50 46 27 20 41 26 14 2 43 4 11 17 48 1
456 421 16 8 31 46 8 39 20 21 37 40
457 50 9 48 14 45 32 17 50 35 15 29 40 41 37 21 7 33 34 42 6 30 23 20 25 3 12 46 27 36 1 22 2 49 43 38 18 47 4 5 19 24 9 31 26 8 11 28 16 44 39 48
458 551 13 24 24 17 12 48 28 6 3 26 37 14 23 20 47 42 36 4 5 45 8 40 18 43 35 27
459 322 4 13 33 37 7 36 27 5 4 6 48 1 12 23 3
460 443 3 14 44 27 34 4 23 42 12 13 46 26 6 15 9 18
461 266 3 26 47 21 18 9 28 44 4 17 10 41 33 6 12 27 8 16 20 11 50 23 7 49 32 45 2 1
462 343 11 32 11 4 27 41 48 13 17 28 44 43 5 40 25 35 3 22 39 6 26 15 16 42 1 20 45 8 29 30 12 18 31 33
463 370 11 47 9 29 6 17 50 14 23 34 12 43 10 16 37 11 46 8 36 39 31 21 3 13 19 40 49 15 18 42 38 5 33 27 4 22 47 45 7 1 44 26 32 30 48 41 35 24 20
464 52 8 33 38 1 16 7 8 31 39 33 36 28 29 43 2 20 41 6 46 4 14 5 26 25 13 30 18 37 27 24 15 9 32 23 42
465 234 10 17 40 47 49 24 4 43 38 30 14 22 50 44 13 39 11 20 32
466 272 10 17 14 49 6 23 18 20 9 16 31 3 44 2 15 10 1 47 19
467 242 14 19 36 16 14 33 48 26 41 5 23 18 15 29 8 10 20 1 42 38 2
468 24 19 3 33 29 3
469 165 15 46 27 21 11 50 9 33 41 19 48 31 23 12 17 13 15 29 25 36 10 45 22 18 30 40 8 32 34 3 43 38 35 24 20 26 28 7 37 44 49 2 47 39 4 6 16 5
470 491 1 13 35 37 26 21 33 44 38 34 17 4 15 31 50
471 120 5 29 12 10 23 24 5 27 44 16 15 25 31 2 26 11 1 28 17 45 39 7 34 6 46 20 42 35 47 19 32
472 128 5 49 50 29 43 11 9 42 19 3 41 31 37 40 6 7 21 32 14 38 46 1 44 26 45 30 12 8 15 5 48 24 25 39 17 33 49 23 20 18 47 28 35 34 36 13 16 4 22 10 27
473 82 17 43 8 45 10 3 2 30 25 6 35 21 13 48 42 47 19 33 1 39 46 4 37 50 16 29 24 40 5 22 15 44 18 41 38 32 9 14 31 17 23 36 28 20 27
474 546 15 25 16 14 11 21 41 20 5 48 40 35 47 39 10 22 9 49 27 12 28 3 8 31 6 2 23
475 122 10 18 46 18 44 16 32 8 39 40 11 2 9 10 27 19 25 21 22 14
476 362 7 30 50 40 19 3 10 20 37 39 17 31 18 49 23 8 48 36 6 26 28 43 13 9 22 16 5 4 33 25 2 15
477 391 18 29 37 49 23 17 6 16 50 41 32 31 22 10 9 7 15 24 2 33 18 28 27 34 25 26 13 43 46 44 38
478 48 14 5 48 38 46 31 18
479 290 3 36 11 19 7 48 27 18 9 31 30 35 47 8 4 23 21 6 22 43 29 39 16 26 28 32 25 36 46 41 5 3 13 34 10 50 17 38
480 289 7 8 50 49 2 45 44 19 17 32
481 401 12 48 15 37 9 45 12 24 19 10 22 47 32 2 40 4 33 50 31 29 49 14 7 30 23 13 42 35 28 18 26 20 8 16 17 34 3 36 6 25 38 46 27 43 1 44 21 5 39 11
482 381 12 17 44 22 30 41 20 49 7 29 24 42 13 47 2 33 46 37 21
483 159 8 24 9 6 46 48 22 24 19 20 39 17 38 32 34 28 49 13 8 47 21 50 23 14 4 30
484 337 6 24 37 13 35 31 9 26 34 2 43 15 33 45 21 29 10 14 17 6 1 48 3 39 20 49
485 85 16 3 37 14 19
486 87 15 9 23 12 8 31 40 38 42 34 39
487 303 19 15 24 26 47 27 32 25 23 17 33 49 31 4 38 13 8
488 191 4 18 32 18 15 35 13 25 48 34 50 37 39 11 43 46 26 36 16 6
489 162 15 5 7 4 46 47 9
490 227 15 33 43 6 35 9 47 40 5 28 19 15 10 17 34 7 3 38 25 27 21 39 8 31 29 46 11 22 30 14 2 42 48 50 26
491 228 18 17 45 4 20 19 8 16 36 17 47 43 1 12 39 48 41 18 14
492 528 7 43 6 16 8 36 15 28 42 38 24 44 47 9 30 43 17 12 35 19 21 40 20 4 41 46 39 27 3 2 29 49 48 5 18 25 37 13 11 45 50 22 31 26 23
493 525 6 22 36 22 50 19 34 44 18 5 29 40 15 45 7 32 25 14 47 1 46 13 39 20
494 397 7 21 46 21 18 25 50 13 37 45 44 34 27 12 49 22 8 24 2 30 35 26 48
495 105 9 44 29 42 18 19 32 3 12 31 21 38 46 47 17 49 4 27 1 8 48 36 33 50 26 44 2 7 14 10 6 9 22 45 5 34 15 41 25 35 11 16 39 43 40 20
496 367 3 2 38 29
497 394 19 38 8 37 16 31 20 29 30 26 14 38 11 15 48 36 2 34 6 43 5 33 4 9 23 24 44 32 1 35 49 41 25 45 40 19 7 42 50 28
498 595 13 43 49 19 14 29 12 22 40 45 42 41 8 13 50 4 44 7 20 23 27 28 5 36 24 6 9 30 33 21 32 46 38 17 10 18 31 16 25 26 34 2 11 35 37
499 517 10 8 1 31 12 18 33 23 48 39
500 405 16 1 36
501 118 5 40 36 1 43 9 34 38 46 44 23 4 19 17 27 28 16 30 10 29 42 12 7 2 14 50 39 31 41 25 48 40 32 15 18 6 13 8 20 22 11 35
502 196 0 7 28 46 9 39 11 4 3
503 220 17 40 16 11 17 1 36 43 8 7 42 10 23 44 32 19 49 21 29 25 14 50 4 35 26 6 34 30 15 28 3 27 5 2 24 12 38 22 13 31 20 45
504 92 3 24 15 10 46 19 47 8 41 38 31 9 7 4 21 13 22 49 14 33 37 27 30 16 11 17
505 472 17 41 15 31 9 35 27 10 2 5 30 42 1 41 14 11 17 28 32 45 25 34 18 16 38 21 44 20 48 29 37 22 49 7 39 12 4 47 19 6 43 3 46
506 213 14 20 14 38 24 12 27 15 35 18 34 43 29 31 20 2 49 40 30 10 50 8
507 71 14 39 37 38 17 30 46 9 28 2 41 29 27 11 40 15 42 25 21 48 18 36 26 5 13 20 6 3 44 7 35 1 19 43 47 12 31 22 4 10 24
508 176 13 17 46 33 3 26 18 7 49 45 6 39 34 20 1 44 17 38 5
509 112 6 25 24 7 16 34 37 21 35 47 48 14 1 30 33 23 28 39 45 49 9 46 22 11 25 36 10
510 330 6 49 49 42 2 22 16 24 15 27 41 21 20 44 33 23 1 40 9 39 38 13 32 30 3 14 26 48 37 25 34 36 46 47 7 10 35 18 4 11 5 19 8 43 45 17 31 50 12 29 28
511 35 9 40 5 21 23 46 16 4 30 3 47 9 20 15 42 13 17 7 6 1 41 49 35 11 10 36 22 45 33 48 34 44 39 37 8 24 32 38 25 50 43 26
512 182 18 42 21 8 49 23 33 12 41 43 24 27 3 42 29 28 44 22 2 19 14 1 40 4 50 39 37 6 45 30 26 47 10 46 17 16 7 48 20 36 9 34 31 25
513 359 5 28 12 32 31 9 6 22 49 37 2 10 34 33 30 19 13 3 45 46 38 40 24 47 11 25 28 27 36 8
514 534 3 1 18
515 89 7 16 42 1 27 36 24 23 4 2 50 22 9 5 8 17 12 21
516 508 20 43 37 43 16 40 20 17 39 41 10 42 1 23 50 12 38 21 47 6 15 19 35 3 32 44 24 9 25 22 8 46 28 49 33 27 7 4 5 45 11 31 2 26 48
517 588 20 43 10 46 41 20 7 19 48 6 11 42 24 18 13 39 14 38 12 17 8 4 3 27 15 33 1 36 2 32 43 45 35 44 25 40 50 34 23 37 26 9 16 47 28
518 552 8 45 21 3 8 34 49 19 25 44 16 26 42 12 27 47 18 37 41 46 4 36 9 23 28 24 48 10 11 40 45 43 22 15 5 20 39 14 17 29 7 30 6 32 50 35 2
519 530 0 23 47 7 20 21 38 44 2 24 26 42 4 32 11 5 15 34 9 48 37 12 18 43 36
520 17 20 40 46 37 21 2 35 27 29 36 18 33 12 7 32 39 43 1 19 47 26 9 20 23 30 44 5 50 6 31 42 13 22 3 16 45 4 25 41 14 17 11
521 433 6 31 22 45 7 1 50 15 35 44 21 23 34 26 17 5 36 40 47 39 18 27 16 32 24 33 25 9 30 20 8 37 46
522 185 7 42 28 4 43 2 3 20 5 49 23 18 32 22 50 26 37 42 24 38 25 33 44 47 19 41 31 11 34 7 36 12 45 46 39 17 9 29 8 21 15 13 30 1
523 558 3 11 23 17 38 36 20 4 34 1 7 5 19
524 584 18 13 13 11 15 38 17 9 48 30 44 3 10 33 26
525 538 12 13 34 15 27 25 6 43 47 30 9 26 36 1 20
526 368 4 28 36 49 4 48 32 10 6 13 43 9 35 1 25 11 21 27 30 23 44 41 26 33 18 37 5 39 14 50
527 256 14 35 27 47 43 28 45 13 6 46 24 42 9 21 18 49 35 31 7 2 16 30 5 26 25 33 32 12 48 39 37 50 40 22 17 20 11
528 243 6 20 20 45 21 27 17 47 50 31 7 16 22 49 40 46 19 26 5 34 44 43
529 248 4 4 25 8 5 24
530 296 15 10 40 42 49 16 28 38 30 20 3 48
531 442 11 34 45 9 28 21 15 32 40 27 30 41 26 10 29 6 4 49 14 20 36 7 1 37 39 17 22 23 35 48 8 12 18 33 24 19
532 101 16 12 34 38 40 35 50 7 42 37 48 39 25 33
533 230 12 25 42 49 38 37 13 44 17 33 50 4 41 47 36 15 5 2 46 30 3 18 48 11 39 20 40
534 297 0 11 10 2 30 26 24 7 22 5 4 19 41
535 33 10 49 8 31 35 39 29 5 44 15 50 27 16 46 1 33 32 24 45 25 10 28 36 9 13 20 14 23 26 30 3 22 41 19 47 2 37 21 43 12 4 18 17 34 38 48 7 6 11 49 42
536 134 17 8 31 38 8 13 24 50 14 3
537 481 0 16 12 45 46 30 14 11 44 37 41 23 15 25 32 24 47 42
538 517 3 22 11 43 36 10 21 48 34 9 5 8 4 23 33 32 41 50 13 39 1 29 12 38
539 472 6 42 39 28 29 21 35 32 48 17 12 26 8 18 19 42 46 10 1 45 34 14 23 3 41 40 9 6 50 24 33 20 16 7 36 5 15 31 27 11 49 4 38 43
540 222 15 26 4 49 47 3 18 7 2 32 39 23 11 50 20 10 15 6 35 27 13 16 22 41 43 19 40 12
541 372 1 11 50 11 46 42 23 3 16 33 13 45 1
542 589 0 16 6 28 15 50 3 4 16 37 43 29 45 49 9 48 2 1
543 109 12 2 5 3
544 283 5 33 27 34 29 9 16 37 8 50 31 38 30 10 14 46 3 21 25 26 4 23 48 40 32 7 12 5 6 47 49 2 39 18 11
545 329 5 45 44 40 29 27 18 24 22 50 14 26 39 35 6 31 32 34 12 41 21 10 23 46 8 25 16 15 20 47 48 33 38 2 3 37 45 19 7 28 43 30 1 49 13 4 5
546 83 14 49 8 7 47 13 28 6 35 5 34 39 16 32 23 22 4 3 50 33 2 24 45 27 21 29 46 14 48 30 17 36 10 37 31 19 49 41 9 12 44 1 38 40 26 20 15 18 11 42 25
547 409 7 19 14 30 29 36 47 17 20 31 35 15 25 16 23 40 11 6 26 42 4
548 95 1 6 23 24 32 39 40 4
549 179 14 18 9 33 21 28 10 23 15 16 6 14 31 32 19 1 39 42 37 8
550 457 12 12 40 44 7 33 34 5 6 37 20 22 45 36
551 305 6 2 3 31
552 259 14 36 32 38 4 14 15 13 35 33 21 49 25 29 23 18 26 2 45 1 48 17 34 9 7 50 27 42 39 24 44 8 19 11 46 47 12 6
553 271 17 22 44 5 39 7 41 33 46 45 6 40 19 29 15 37 24 4 42 11 16 35 32 3
554 487 1 43 24 27 40 25 13 37 41 5 2 35 19 23 26 38 8 44 11 39 34 46 17 15 42 9 28 12 29 20 7 6 33 31 45 14 48 16 21 1 10 30 47 22 3
555 148 17 39 24 40 16 35 5 20 7 19 28 8 18 9 47 38 15 17 26 25 37 36 45 22 43 39 41 11 46 48 50 3 30 49 1 21 12 31 13 42 33
556 591 1 6 47 6 38 8 14 41
557 290 11 46 19 43 27 41 21 39 40 48 8 22 30 20 4 12 31 11 46 1 16 5 38 50 10 36 44 42 32 26 13 33 9 34 29 49 15 2 6 25 14 37 35 47 45 28 3 7
558 412 1 24 15 2 42 18 40 49 35 36 45 13 11 50 10 28 43 33 20 38 9 4 14 12 16 46
559 113 7 2 1 5
560 558 3 46 32 48 41 30 12 8 35 38 42 20 19 34 49 44 16 1 50 46 11 45 28 47 2 17 15 22 39 29 27 3 36 7 21 23 24 25 37 26 43 33 18 6 5 14 31 9
561 140 13 13 23 49 28 3 8 22 2 37 26 5 11 21 41
562 478 1 34 33 11 37 6 32 13 22 50 20 48 29 34 15 40 42 16 1 49 46 23 44 8 35 21 12 3 27 9 24 10 18 36 4 14
563 484 12 3 45 29 19
564 512 17 5 26 16 13 32 14
565 173 5 34 33 36 41 15 10 2 30 50 34 4 8 28 18 37 42 38 40 16 32 46 39 6 21 7 24 45 9 43 44 19 29 27 13 3
566 94 0 31 28 2 42 14 39 3 29 30 48 46 7 41 33 18 44 26 49 50 23 38 47 43 1 12 6 22 8 36 37 32 19
567 119 19 34 23 45 40 41 33 44 15 30 2 22 48 39 5 32 38 18 29 13 25 34 12 49 28 11 1 42 16 10 35 19 31 47 24 3
568 248 16 3 6 34 35
569 535 5 41 21 11 39 43 31 1 44 27 23 50 16 36 10 40 32 15 18 8 9 17 49 46 3 22 30 4 12 6 33 38 41 14 48 42 28 19 25 5 2 34 26
570 361 4 32 46 47 48 50 35 21 24 34 13 16 28 7 43 8 37 41 6 39 12 27 30 3 23 36 20 22 32 18 19 26 25 31
571 79 10 48 37 29 8 15 14 33 26 30 16 42 35 27 17 41 47 38 4 6 49 44 9 25 11 34 36 5 32 18 43 7 45 24 10 20 3 28 1 40 19 48 39 23 50 21 2 31 13 46
572 37 12 38 34 8 4 14 37 19 9 21 15 42 35 32 16 49 10 48 1 13 18 45 25 3 22 50 38 12 23 36 11 28 17 44 47 31 33 41 2 20
573 195 14 1 1
574 166 1 46 25 45 10 37 6 41 31 11 32 48 50 33 26 49 14 1 15 7 12 22 13 16 5 39 35 40 46 43 36 9 3 42 4 8 29 18 20 21 28 34 23 47 30 44 27 38
575 501 11 12 29 42 49 14 48 3 41 10 17 16 25 12
576 415 0 28 37 13 14 7 4 10 48 41 9 1 31 12 43 38 50 18 16 44 28 45 35 2 46 24 17 36 15 19
577 477 13 48 36 3 42 10 15 30 35 22 45 47 16 13 8 6 9 24 4 40 49 34 43 26 7 5 37 25 46 48 12 18 21 14 41 19 28 20 1 2 11 31 29 32 33 39 38 27 50 44
578 353 17 21 34 42 20 7 47 33 50 41 11 10 35 31 2 45 48 44 40 21 14 22 8
579 248 1 4 45 20 39 12
580 67 2 20 17 10 19 27 31 9 2 50 22 16 7 45 34 47 28 41 4 43 14 1
581 325 8 26 16 34 24 29 31 4 43 23 22 5 37 18 47 41 10 44 3 50 36 11 19 15 27 6 32 45
582 198 2 21 33 49 24 35 36 9 3 47 46 5 21 31 10 7 22 8 11 13 41 43 6
583 555 14 5 23 1 10 47 3
584 433 15 39 6 23 13 41 43 1 31 16 50 49 42 22 5 19 11 45 21 37 40 30 46 4 27 7 2 9 34 3 48 8 26 12 15 47 25 39 28 10 14
585 140 17 5 14 42 21 36 13
586 584 0 30 47 8 3 39 2 38 15 43 25 4 20 35 28 27 6 21 33 36 34 13 40 5 48 14 31 11 26 42 10 18
587 87 11 12 30 27 44 42 17 6 37 22 9 46 26 10
588 28 4 26 30 27 41 32 1 47 26 14 12 44 6 28 11 17 5 36 38 13 15 20 42 43 39 4 10 34
589 533 8 24 17 19 34 36 10 30 45 40 4 6 28 46 37 22 38 8 41 32 2 21 7 26 31 16
590 323 9 25 39 1 30 20 9 37 49 5 41 47 33 27 22 42 4 21 11 44 8 23 24 46 19 17 26
591 323 11 41 28 47 9 29 25 2 37 14 24 13 39 43 16 48 42 22 6 11 41 20 17 15 26 5 49 31 10 3 21 4 46 8 18 34 50 23 38 7 40 30 33
592 535 5 46 4 16 35 23 7 37 33 29 31 36 11 38 3 46 19 32 17 14 26 5 43 21 15 25 41 34 50 30 27 24 22 42 28 48 49 40 45 20 8 18 47 9 12 13 2 44
593 325 15 46 26 11 28 4 35 8 18 12 38 41 27 7 25 43 19 1 14 3 36 24 31 2 49 45 15 5 33 30 22 20 10 40 46 6 39 13 42 32 50 34 9 44 47 37 23 17
594 387 4 7 49 35 37 15 44 27 5
595 461 9 6 48 34 16 2 13 31
596 285 5 36 44 24 46 26 33 21 4 43 6 37 48 8 1 30 28 40 45 27 49 3 50 18 19 20 5 42 23 36 12 7 41 39 25 17 16 22
597 189 18 3 27 35 38
598 483 7 10 38 33 17 40 13 21 26 44 45 24
599 292 17 18 39 7 13 4 8 11 14 32 1 26 19 47 29 37 36 33 30 42
600 101 1 28 16 28 8 49 39 12 37 23 38 33 44 2 50 47 31 41 30 18 10 14 21 26 22 25 43 34 40 24
601 23 12 32 17 50 10 6 42 44 22 37 3 7 35 11 14 12 40 31 1 38 24 48 9 27 5 39 32 4 21 36 18 16 20 2
602 409 15 30 25 30 23 2 35 21 22 11 38 36 16 26 43 50 49 1 17 33 31 27 7 48 37 41 34 8 14 4 19 45
603 587 11 41 19 41 34 12 50 27 4 18 20 42 28 48 22 38 11 8 29 43 21 45 40 2 9 7 3 32 13 17 30 39 37 10 24 14 16 44 46 1 26 36 35
604 116 6 49 26 24 15 43 35 29 36 38 19 16 22 20 33 49 27 42 30 46 39 5 6 1 10 18 14 28 9 44 47 50 4 12 41 45 48 3 7 13 17 25 32 37 40 23 8 2 31 21 11
605 262 2 46 8 40 41 36 19 43 24 10 17 25 16 48 35 20 42 33 32 9 28 1 34 23 18 37 5 45 15 47 3 39 49 14 7 31 6 38 2 26 4 44 21 27 50 29 22 30
606 327 16 40 43 19 22 31 41 20 36 28 42 32 27 9 13 38 18 8 49 1 3 23 46 11 17 21 4 45 15 5 34 50 6 47 25 12 40 2 37 30 29 16
607 380 19 34 36 50 10 6 35 48 7 20 43 11 26 18 45 2 9 8 37 46 29 40 21 33 44 17 41 13 32 31 3 15 24 30 14 27
608 567 2 26 17 35 14 48 15 37 10 43 8 13 38 16 42 1 4 41 34 20 29 24 25 44 50 7 21 28
609 528 0 30 48 14 7 9 20 21 30 16 38 33 44 23 50 39 42 18 8 34 36 1 11 41 26 47 29 27 46 35 43 25
610 263 7 26 48 22 32 1 12 28 3 7 6 13 40 23 9 24 17 44 5 43 34 11 42 49 25 50 8 36
611 60 20 8 30 46 45 4 49 36 37 21
612 439 12 41 23 18 3 7 32 27 31 42 25 28 50 37 1 12 43 33 8 2 40 16 44 47 6 26 24 15 14 19 9 21 34 22 36 46 39 29 11 13 5 10 17
613 128 20 28 26 40 25 13 22 9 36 6 42 10 23 28 4 15 24 47 31 5 16 11 12 50 29 27 39 8 21 38
614 407 10 46 6 12 4 36 7 27 38 31 20 35 13 30 47 5 10 24 37 8 1 46 41 28 42 17 50 26 9 34 18 25 43 45 3 16 23 49 29 40 15 48 33 11 44 21 39 19
615 108 12 2 24 36
616 572 19 25 47 3 42 8 35 11 49 44 38 2 16 34 27 21 4 36 32 39 23 5 14 10 15 30 46
617 262 13 30 47 34 45 3 32 18 13 49 17 5 27 38 21 35 28 33 15 10 20 43 30 8 44 14 31 24 11 16 22 12
618 52 14 38 3 33 1 39 19 8 24 46 49 44 4 40 38 36 13 45 48 30 5 10 27 18 15 42 7 11 14 23 16 29 9 22 31 26 34 28 6 37
619 483 4 36 29 34 8 12 35 26 11 21 36 28 13 19 18 33 48 2 27 31 17 4 6 22 43 42 5 40 20 49 30 23 7 47 46 39 45 37
620 72 0 30 24 41 26 23 21 19 36 18 3 42 50 25 15 30 11 12 38 32 29 46 49 13 14 43 7 40 48 5 2 39
621 196 9 28 13 48 4 10 32 26 15 3 31 30 22 24 41 5 8 50 29 14 6 21 17 37 42 33 35 16 7 2
622 23 1 6 26 44 31 15 28 27
623 32 1 2 3 43
624 326 4 29 31 50 15 43 40 49 8 35 16 32 1 7 46 12 33 44 29 24 9 30 10 36 6 20 37 22 17 18 47
625 361 11 28 26 28 35 31 29 40 10 1 41 38 20 8 2 5 30 44 4 39 13 37 17 32 11 15 3 9 48 7
626 325 0 23 35 2 9 6 11 18 42 13 40 4 3 12 30 14 31 24 21 1 44 17 33 23 19
627 285 16 38 36 48 39 15 35 5 3 38 28 19 25 49 42 33 8 40 44 46 17 2 14 21 12 50 22 45 18 16 6 43 34 32 9 30 47 11 20 23
628 228 4 28 3 46 13 47 31 15 9 6 36 24 20 2 27 11 37 50 49 25 45 17 21 30 35 22 43 18 26 5
629 329 20 25 26 4 38 12 6 43 8 21 49 41 2 3 19 1 9 34 7 22 36 39 11 47 40 33 30
630 78 20 16 30 11 16 37 46 3 33 14 39 18 35 22 19 36 10 48
631 375 13 27 43 50 20 19 13 27 40 31 30 24 1 5 22 6 10 38 39 15 32 25 28 35 4 47 7 41 18
632 523 10 16 17 37 10 31 49 16 22 1 12 4 11 9 5 13 45 36
633 120 11 3 49 41 42
634 87 15 2 45 12
635 493 8 43 5 33 11 38 7 43 27 17 10 31 42 13 49 47 29 19 41 37 35 25 1 6 2 30 44 20 9 39 23 40 34 26 8 48 45 18 21 22 50 14 16 3 46
636 168 8 23 21 28 10 12 31 27 17 35 44 14 34 8 45 13 47 6 1 19 40 7 49 39 22
637 452 8 47 40 27 43 29 13 2 35 10 23 21 4 20 8 34 22 42 26 14 32 12 28 37 49 41 5 11 45 19 6 47 24 39 17 9 50 30 3 48 46 38 44 31 7 25 1 36 16
638 365 19 15 20 45 4 30 28 32 3 2 35 42 10 13 21 43 8
639 77 1 34 5 13 48 12 29 28 38 11 34 7 40 31 2 46 36 21 30 24 27 26 50 49 14 43 15 19 16 45 23 47 37 17 4 18
640 309 14 20 21 18 5 26 27 9 10 2 15 6 28 38 13 7 30 1 23 19 3 39
641 93 9 12 31 8 19 17 33 15 45 13 5 43 16 44
642 283 13 5 46 11 14 26 22
643 389 11 31 8 9 48 30 35 26 16 37 40 42 34 1 15 32 29 7 23 21 27 31 12 19 46 49 2 45 11 33 13 17 43
644 198 8 45 13 20 1 48 18 17 16 46 12 31 2 6 37 3 19 9 38 39 47 15 26 22 29 33 43 14 45 35 27 44 40 49 10 23 36 34 41 30 5 21 11 32 25 7 50
645 285 14 14 36 29 18 39 5 4 16 11 13 25 1 14 9 44
646 343 16 49 32 3 5 4 16 49 7 31 14 2 48 8 50 47 40 30 33 15 21 26 1 6 42 34 10 36 46 45 41 44 25 24 13 9 27 19 11 39 43 12 23 29 37 38 17 18 35 22 28
647 353 1 27 50 45 16 25 34 27 32 8 28 1 11 30 12 19 18 42 40 3 23 48 15 39 26 47 41 35 20
648 525 10 45 10 32 46 9 19 12 43 31 21 28 14 35 11 29 45 5 37 34 33 40 49 26 16 39 13 20 4 3 50 8 30 22 18 17 15 38 23 6 24 1 7 36 42 48 25
649 490 2 22 46 12 28 34 7 18 37 47 45 31 26 1 6 41 9 36 29 49 15 20 48 42
650 531 16 35 32 3 35 16 24 19 20 5 18 29 49 26 1 12 11 36 13 46 39 10 47 42 44 2 30 6 43 31 33 25 15 45 21 48 27
651 306 16 36 6 5 33 4 17 27 43 8 30 14 3 18 11 36 19 26 46 13 29 38 39 42 22 37 28 1 40 9 49 31 44 45 47 25 2 20
652 218 8 3 20 15 13
653 44 19 21 36 38 43 24 14 40 34 35 10 16 39 48 22 47 33 50 49 19 32 18 25
654 36 16 28 25 21 1 2 29 19 46 36 30 23 43 22 4 13 41 9 7 47 42 44 12 40 16 6 11 50 24 10
655 454 8 4 43 11 12 13
656 39 13 39 3 17 25 15 38 44 33 49 4 27 2 47 37 39 11 48 32 45 46 26 13 34 9 8 19 12 7 28 22 42 50 16 36 6 35 29 1 31 21
657 585 6 21 38 50 36 19 15 37 48 39 9 23 30 12 20 41 13 26 24 1 25 6 31
658 299 19 13 33 30 27 45 43 28 21 26 31 39 36 25 13
659 150 16 42 30 7 28 10 37 4 43 16 12 26 29 38 14 6 32 33 19 15 22 44 50 46 27 23 5 48 3 40 25 45 8 36 49 35 18 21 39 34 42 11 41 47
660 273 8 22 15 1 41 29 50 45 21 22 36 31 28 4 16 8 5 2 3 38 11 42 35 14
661 339 6 19 34 45 8 10 2 49 37 24 3 36 5 23 6 31 14 35 9 48 28
662 241 0 2 47 44
663 217 20 44 18 47 3 21 41 17 22 15 4 43 6 33 9 40 8 50 39 32 49 7 38 24 31 36 42 19 5 25 37 45 20 34 44 10 48 28 30 23 35 2 12 29 1 13
664 542 19 13 23 30 20 24 39 44 6 43 28 33 38 18 4
665 407 0 37 5 34 23 32 19 21 25 39 27 24 43 6 35 7 31 48 40 14 18 1 47 4 26 28 50 29 8 30 22 44 16 42 38 9 20 17 13
666 362 1 22 12 48 29 7 19 18 2 13 50 27 26 42 4 34 41 44 35 9 33 1 15 5
667 48 5 29 44 1 8 15 27 38 28 6 17 33 10 39 7 24 18 49 5 37 13 46 16 25 48 11 12 41 45 50 20
668 368 2 21 6 1 31 13 38 40 29 18 37 47 44 34 3 41 16 4 46 21 20 27 33
669 283 0 29 2 19 15 41 11 20 22 12 49 46 44 6 47 37 36 7 16 34 24 45 9 26 14 1 27 38 35 28 43
670 533 16 36 10 31 50 26 25 13 8 21 22 6 16 12 41 1 30 46 36 20 34 40 28 35 2 7 44 11 48 17 47 18 14 39 33 5 38 42
671 48 7 21 43 21 7 15 39 24 47 17 49 23 33 29 40 34 5 26 30 3 8 25 19
672 245 10 42 26 40 42 10 43 30 33 50 47 5 37 45 7 12 44 3 36 24 16 32 22 27 39 2 21 23 8 4 6 48 31 18 11 29 49 13 14 41 17 1 38 9
673 249 9 18 23 22 18 27 15 2 36 17 28 26 34 11 25 5 40 21 13 29
674 517 17 6 23 35 29 26 32 33
675 540 6 3 24 2 46
676 553 19 1 8
677 160 12 2 39 48
678 372 5 4 22 20 32 36
679 340 2 31 25 41 26 42 35 13 14 24 7 32 39 4 16 38 50 17 19 12 49 34 18 10 40 33 27 29 8 22 1 20 15
680 206 15 27 13 31 46 20 30 42 41 38 44 2 37 29 26 10 24 7 3 19 22 6 27 9 32 39 28 1 40
681 361 1 21 27 40 50 41 19 16 47 32 39 24 36 28 20 48 21 49 13 14 44 6 43
682 94 11 22 13 25 32 16 8 7 46 9 39 30 26 45 3 18 40 19 37 23 5 35 33 14
683 339 5 18 12 2 35 45 43 33 40 48 13 4 3 32 24 44 18 19 5 21
684 89 20 8 3 14 40 28 48 32 16 9
685 284 15 39 27 36 24 38 47 21 44 43 11 10 30 45 40 41 28 26 49 22 31 4 33 5 34 29 9 7 42 6 32 8 3 14 37 23 48 13 18 39 2
686 24 4 31 40 25 28 39 38 8 24 11 23 44 27 49 26 4 7 50 2 45 14 35 13 18 5 47 46 15 42 48 30 1 34
687 487 8 25 17 10 26 27 47 15 19 45 5 1 14 43 39 16 20 23 48 6 25 28 30 12 37 4 34
688 15 3 10 50 6 26 41 11 17 42 29 5 7
689 464 10 9 46 10 18 23 44 11 25 50 8
690 27 0 42 9 24 35 18 26 40 14 8 12 37 50 6 15 49 25 17 33 42 23 32 10 21 2 30 28 38 1 13 20 31 46 47 43 3 36 4 34 27 22 11 7 39
691 388 1 14 3 6 4 21 49 17 43 22 15 5 27 9 14 32
692 128 17 11 25 34 45 23 10 40 50 2 28 32 14
693 26 2 43 46 7 42 3 20 34 28 23 15 29 2 35 16 18 22 45 40 11 37 27 25 10 19 44 43 32 47 39 14 36 21 9 30 41 31 5 50 12 26 1 33 4 38
694 220 13 12 31 29 45 26 4 27 12 10 48 32 35 39
695 361 7 1 2
696 510 7 11 36 43 38 2 20 33 47 39 45 9 8
697 144 18 39 20 19 35 37 33 6 18 26 10 44 50 22 40 46 38 14 27 21 47 43 48 23 42 2 30 7 39 31 41 32 16 1 49 8 34 15 5 24 4
698 340 9 28 9 34 47 37 33 29 15 24 14 27 5 4 31 18 6 38 16 12 49 21 35 17 43 13 32 40 44 26
699 234 9 24 12 29 18 15 6 27 8 28 37 39 31 2 30 48 36 34 19 44 47 22 40 38 26 4
700 73 9 44 8 41 28 37 49 10 39 33 27 19 34 1 46 20 12 22 26 44 29 5 50 11 31 13 18 25 9 17 40 45 32 2 23 21 30 3 38 15 47 14 42 48 4 36
701 379 5 16 21 27 10 3 38 47 28 1 23 33 7 26 34 41 29 31
702 243 19 33 22 2 40 33 7 23 46 39 41 16 20 44 10 31 47 42 14 30 4 27 11 25 21 13 8 29 50 18 28 15 45 3 43
703 105 20 46 6 15 48 8 35 22 40 45 25 21 26 13 44 41 50 18 34 14 39 16 24 19 36 46 27 29 10 30 32 1 4 20 5 7 49 31 9 38 47 12 2 33 42 37 17 11
704 197 11 45 27 23 6 28 42 4 34 46 15 41 40 17 8 3 37 25 49 2 10 35 12 36 31 7 20 13 19 1 33 26 16 39 47 5 9 22 14 24 18 38 44 30 45 32 50
705 513 7 47 38 45 24 21 9 20 17 13 6 23 41 47 37 29 26 43 3 44 28 30 8 18 10 25 32 15 14 40 50 4 34 36 33 42 19 12 49 16 1 7 27 48 46 31 35 11 22
706 319 13 23 7 31 13 10 36 18 29 9 23 27 19 6 37 8 11 28 15 45 42 50 22 38 14
707 440 7 21 46 41 18 23 20 25 5 29 47 13 15 32 50 14 37 36 48 49 1 30 44
708 161 19 15 34 6 7 36 33 14 24 35 28 16 18 5 49 25 4
709 327 13 14 29 19 23 21 49 24 30 26 33 14 6 32 15 31
710 255 17 10 28 29 1 47 13 12 17 32 8 33
711 177 5 13 15 31 37 12 38 11 50 25 20 18 40 2 33
712 264 13 8 35 47 32 29 36 50 41 16
713 18 20 25 35 7 14 44 15 13 41 22 33 1 29 11 37 27 25 21 42 39 4 32 23 30 2 12 18
714 31 4 17 45 47 15 43 11 17 42 40 49 20 14 10 13 12 6 8 27
715 251 4 45 12 1 47 13 41 43 9 25 32 38 5 20 8 10 48 33 21 15 19 16 22 17 45 36 11 30 39 26 29 3 6 44 7 50 14 42 4 37 27 31 46 34 24 2 28
716 326 20 4 22 39 35 42
717 502 5 42 2 38 14 17 7 18 37 47 30 22 42 35 31 45 32 11 21 9 48 3 20 6 50 33 24 27 46 5 28 8 36 16 49 4 25 23 1 39 13 26 19 10
718 374 6 40 37 39 38 32 7 43 15 48 28 42 19 23 41 9 50 35 10 33 27 14 25 13 2 24 44 26 34 45 17 47 30 12 4 29 22 20 16 6 49 11
719 14 1 9 34 44 28 33 39 48 50 31 32
720 26 18 48 19 38 36 23 13 31 28 5 29 14 18 17 25 27 39 20 30 8 41 12 35 22 50 10 1 33 40 4 21 6 46 24 44 49 34 7 45 2 26 47 43 3 48 32 15 11 42 16
721 295 4 9 37 4 19 18 6 24 42 1 21
722 243 0 9 26 12 16 7 11 5 31 22 42
723 92 14 17 21 28 22 49 36 7 31 24 3 23 14 33 43 32 11 26 25
724 437 8 20 8 43 44 30 16 39 38 42 3 45 33 4 32 49 26 24 1 9 15 21
725 494 7 32 25 31 41 23 12 42 22 16 34 4 46 8 24 27 2 21 20 6 3 40 15 19 33 39 1 37 38 18 14 28 45 17
726 133 5 41 40 16 37 44 5 49 6 2 43 9 34 29 11 14 3 36 4 25 26 20 17 38 48 47 32 23 24 13 27 46 39 1 19 33 12 31 42 7 30 45 22
727 581 18 41 35 13 23 24 28 22 7 19 49 36 45 41 34 6 43 12 10 4 38 27 20 17 33 9 18 47 1 15 11 14 2 46 5 25 3 30 40 21 26 39 42
728 83 11 26 30 15 46 32 35 14 40 16 4 41 22 49 38 24 19 20 45 7 10 33 39 34 25 26 11 36
729 240 2 12 38 14 43 18 34 37 26 16 25 41 6 31
730 273 15 33 50 16 27 45 12 19 6 37 13 26 25 40 29 39 43 32 35 48 9 47 5 22 1 41 8 2 10 11 31 44 36 14 17
731 89 15 35 22 8 42 40 28 5 30 2 46 6 3 24 21 27 36 37 16 35 45 43 4 38 10 29 18 26 41 17 23 34 25 47 31 13 50
732 178 7 16 40 14 9 24 15 39 46 21 11 36 34 43 31 10 19 20
733 276 4 29 41 39 13 2 19 15 11 49 9 6 22 33 32 10 29 47 46 26 36 17 28 27 48 30 16 24 18 45 7
734 344 16 42 49 47 38 16 20 36 44 15 9 48 25 27 31 42 33 30 40 21 26 17 13 2 22 50 46 41 7 29 45 1 6 28 24 10 5 12 32 11 3 18 43 23
735 268 17 8 21 35 22 18 9 34 48 11
736 382 10 40 11 12 50 28 24 30 27 29 46 9 43 5 3 17 41 7 1 36 20 35 40 26 31 33 38 42 23 45 4 32 16 8 2 34 15 44 19 37 48 21
737 482 18 37 19 9 44 38 26 43 31 12 28 29 49 16 34 39 24 11 37 21 13 27 8 1 42 18 22 7 10 32 3 15 23 46 35 48 14 47 2
738 378 19 44 40 3 35 16 46 47 1 7 50 44 27 42 5 2 10 8 23 48 14 38 21 30 36 49 12 15 25 19 26 24 20 22 31 34 37 17 13 11 4 45 32 9 39 6
739 425 14 1 19
740 558 10 45 36 49 14 8 23 11 24 35 3 1 21 17 16 15 22 18 7 5 27 46 2 25 34 43 13 41 32 39 6 20 29 38 50 4 37 28 30 48 45 40 47 26 19 10 33
741 496 0 4 29 10 1 17
742 442 9 2 8 4
743 342 18 37 9 22 20 3 2 14 1 33 16 11 45 23 35 49 47 7 39 36 19 12 10 30 44 17 41 29 46 25 32 6 42 18 26 4 43 27 8
744 87 16 45 22 20 18 30 28 34 5 2 32 10 19 15 35 29 47 38 3 24 11 7 14 41 37 26 25 1 44 6 36 46 12 39 13 27 23 17 45 9 33 49 43 42 48 4 16
745 519 16 7 30 46 27 48 1 29 16
746 535 6 38 4 32 25 11 39 5 23 28 46 43 31 47 8 50 18 34 16 48 30 14 35 45 49 26 41 44 19 24 37 38 15 22 3 17 10 13 20 7
747 95 7 36 34 50 5 43 4 8 3 33 9 15 37 7 22 18 20 28 23 25 36 19 30 11 38 44 21 47 6 24 32 12 17 39 10 45 1 2
748 316 17 5 48 12 25 31 38
749 160 2 49 5 19 22 33 35 29 21 25 10 39 48 43 11 14 4 8 3 2 6 28 16 18 38 42 30 24 32 41 26 49 23 17 7 27 13 46 15 20 44 45 36 12 9 34 50 40 37 31 1
750 90 18 22 49 22 19 35 50 15 5 46 14 1 47 3 21 42 10 9 45 23 16 28 40 27
751 535 4 1 28
752 314 6 27 15 9 19 42 8 18 4 12 50 28 32 48 21 11 38 31 30 7 27 16 44 35 39 49 23 29 13
753 297 9 8 48 36 4 44 17 32 5 23
754 489 11 36 4 10 13 19 42 23 8 5 25 32 29 30 49 37 20 2 38 7 27 14 31 41 34 45 24 36 21 1 50 17 16 35 47 12 9 48
755 176 4 1 9
756 316 4 12 37 27 24 2 35 42 18 39 29 3 14 30
757 423 11 26 21 10 24 44 34 33 19 27 20 6 23 38 3 12 14 42 13 35 26 45 46 48 2 31 15 49
758 202 12 47 8 36 14 7 24 50 40 35 45 37 9 20 43 3 15 17 28 2 21 19 41 39 32 42 33 27 6 48 10 11 25 13 16 31 23 34 5 26 44 18 12 22 29 30 47 49 46
759 379 9 10 3 29 48 10 8 21 19 40 47 14
760 563 10 11 43 37 20 35 12 50 9 47 16 18 22
761 253 8 17 17 29 38 18 39 47 36 22 20 46 6 32 40 49 19 8 35
762 360 9 2 2 30
763 264 19 6 10 48 38 35 32 29
764 155 7 33 47 10 8 48 45 22 33 16 20 39 25 23 15 6 40 35 21 41 3 1 32 7 18 27 34 42 26 50 29 9 36 19 13
765 542 12 32 35 22 1 48 44 6 13 45 47 32 19 5 20 42 37 24 29 11 27 23 3 38 15 34 2 33 36 30 41 21 46 43
766 492 10 27 3 49 4 1 11 35 29 13 28 31 21 12 41 48 45 43 16 10 14 40 19 18 47 9 17 39 24
767 488 10 11 3 35 43 44 33 31 18 28 47 20 21
768 553 13 45 31 11 18 32 27 33 50 39 35 47 26 6 8 23 25 9 24 28 37 30 19 3 15 2 1 29 20 5 21 7 49 12 48 17 36 38 34 44 42 45 46 40 41 43 14
769 446 9 44 27 29 1 41 17 8 15 36 18 26 6 25 30 11 42 13 3 16 12 45 2 40 48 31 43 34 47 19 39 21 4 7 38 10 32 22 37 5 23 9 33 24 20 44
770 147 17 29 47 6 14 50 35 24 45 42 1 15 19 5 17 3 13 26 20 37 33 31 38 34 46 36 32 49 10 30 21
771 197 0 12 48 6 2 18 24 7 29 28 46 20 49 17
772 81 18 44 12 28 16 6 47 4 22 46 14 41 31 26 39 37 49 25 50 15 35 23 48 1 8 24 18 27 32 17 20 30 13 36 19 29 40 2 3 44 42 7 33 5 9 11
773 556 14 2 1 10
774 337 11 1 9
775 391 20 46 23 3 35 14 11 34 39 15 13 22 7 29 8 41 37 19 18 36 20 31 49 25 42 43 17 12 4 5 9 30 50 24 26 21 33 32 45 38 44 2 1 28 10 47 16 46
776 195 5 17 20 2 15 26 38 37 34 44 40 45 32 39 42 12 18 5 28
777 262 4 45 32 26 34 16 40 21 2 20 38 19 28 43 44 48 12 6 25 35 10 24 11 1 27 31 42 17 22 33 41 7 3 5 37 49 29 47 15 45 4 14 50 18 46 36 39
778 58 13 20 44 13 17 4 24 15 48 16 2 43 8 18 27 34 47 31 45 33 49 20
779 36 4 26 41 21 7 8 47 44 23 42 17 24 2 38 13 20 32 19 26 43 40 46 29 15 30 45 18 27
780 406 17 46 30 15 12 32 37 6 34 46 29 36 42 40 47 14 48 22 49 8 23 35 11 3 18 38 20 13 17 16 21 9 2 31 33 10 26 1 45 5 28 24 39 50 19 27 4 25
781 390 19 15 14 17 35 26 32 50 45 46 20 18 21 40 49 41 28
782 76 9 11 24 14 5 9 35 26 42 11 13 27 29
783 254 9 3 19 49 40
784 538 15 12 2 16 4 33 13 34 27 8 25 43 41 31
785 122 11 38 19 26 48 33 31 23 12 28 15 17 41 47 7 46 43 32 9 37 5 14 30 13 27 44 39 25 45 8 16 4 10 21 11 3 29 42 35 24
786 279 15 10 34 15 39 17 41 12 36 22 5 45
787 191 20 8 30 7 20 41 26 10 50 32
788 296 15 22 27 50 17 19 30 16 45 22 15 34 14 9 18 12 38 28 21 35 25 31 37 49
789 62 16 33 18 11 40 28 36 45 47 6 26 35 29 14 42 21 50 8 37 3 34 13 15 5 2 7 27 4 31 24 20 23 48 43 38
790 211 5 40 45 21 38 44 8 50 17 24 12 10 14 28 11 16 36 41 40 27 15 43 2 34 9 23 5 22 37 46 42 4 47 48 49 31 25 35 3 26 33 39
791 585 4 7 46 8 32 20 4 38 18
792 500 0 9 9 30 18 48 23 3 14 31 10
793 203 6 4 3 39 25 14
794 19 6 31 2 28 4 47 29 33 15 20 18 32 14 3 46 24 27 26 35 11 17 34 44 38 49 6 7 31 41 5 25 45 21
795 421 18 42 19 44 10 13 5 40 35 20 38 18 14 7 33 30 42 23 47 22 43 29 36 41 45 24 48 6 11 27 4 3 50 21 34 25 17 49 12 16 2 9 31 28
796 45 3 13 7 22 29 25 11 24 42 18 35 15 6 2 28
797 180 19 14 50 44 37 33 21 19 28 1 49 35 10 34 16 26
798 90 17 43 12 14 39 44 40 5 1 8 26 25 6 9 32 48 34 43 18 15 16 2 37 22 31 42 49 30 17 45 7 35 19 10 41 46 11 50 29 33 47 38 36 21 27
799 300 0 20 49 26 45 23 36 25 24 22 32 19 43 16 11 50 3 13 7 42 41 6
800 30 0 26 30 50 2 41 8 18 6 33 44 40 15 37 25 14 36 43 42 47 24 45 3 13 28 22 11 39
801 183 2 32 12 21 38 29 32 34 47 39 28 16 42 37 44 23 17 18 19 35 30 33 3 1 36 27 40 24 48 11 43 50 49 14
802 157 18 11 6 13 24 9 18 3 17 15 42 5 49
803 153 20 45 14 12 43 5 49 23 22 25 24 10 40 36 16 13 39 27 8 45 44 20 15 1 34 42 18 19 33 21 30 11 50 26 38 37 31 2 46 9 7 41 6 3 48 4 35
804 293 8 7 21 12 29 33 24 40 30
805 233 11 38 23 30 36 7 9 43 31 49 48 24 20 41 21 13 4 2 42 40 44 45 35 34 26 16 22 25 50 17 33 29 32 47 38 14 18 39 8 46
806 95 12 43 19 20 29 30 40 18 21 35 11 6 38 28 50 37 1 23 46 45 5 10 16 17 27 2 4 42 44 8 49 12 47 34 9 31 26 36 33 32 14 13 43 15 41
807 341 13 25 32 8 9 3 45 46 20 11 38 47 16 17 24 23 41 2 44 49 28 6 18 34 1 37 15
808 556 9 14 13 41 4 23 6 46 14 31 40 34 18 8 50 24
809 39 8 16 16 11 21 33 34 50 38 20 25 6 3 43 4 39 49 26
810 243 15 42 18 27 5 37 38 32 35 3 34 26 46 50 8 12 2 43 9 4 13 31 36 28 23 21 16 6 19 17 45 33 39 24 40 44 48 49 14 47 11 30 7 41
811 122 0 24 26 37 9 34 23 5 12 44 16 24 42 10 41 46 7 3 47 20 49 8 28 38 4 36
812 220 10 49 32 10 5 19 17 42 7 29 25 18 3 40 12 13 44 36 1 30 46 23 28 37 35 4 14 43 11 49 22 20 45 38 21 27 6 8 39 33 9 26 48 16 2 47 31 24 41 15 34
813 262 6 36 37 6 4 47 46 31 14 20 43 5 17 32 18 24 28 10 2 39 49 15 48 25 41 27 34 3 12 16 7 8 19 33 21 9 30 40
814 261 13 25 11 41 16 46 9 43 48 27 23 15 3 2 21 42 38 17 22 37 14 18 30 47 28 40 33
815 520 8 14 30 9 29 39 34 38 33 41 20 2 12 26 16 10
816 285 17 36 14 2 23 29 18 17 48 20 28 42 11 22 13 21 40 26 6 30 19 27 39 9 4 37 10 1 5 32 46 33 36 8 12 38 3 44
817 204 17 44 30 37 26 5 33 42 7 40 8 24 15 9 38 48 39 32 43 17 49 21 36 16 47 14 20 46 11 45 34 35 18 44 10 4 28 31 41 1 23 13 6 3 22 2
818 451 18 20 16 25 42 22 39 14 12 20 4 43 29 3 33 49 18 34 13 7 36 38
819 234 19 29 49 7 37 45 26 31 14 8 11 5 19 40 22 29 41 9 18 12 24 27 15 32 36 50 25 28 42 13 10
820 479 3 22 35 12 32 21 41 46 2 50 8 42 13 7 48 49 29 26 38 22 27 6 14 28
821 89 14 25 7 42 31 25 37 30 43 38 28 16 39 22 48 41 32 4 17 9 26 33 40 10 29 45 5
822 396 15 15 35 49 10 43 6 32 36 1 4 25 18 46 15 37 17
823 340 12 43 2 9 25 7 33 41 17 46 26 34 32 12 23 50 20 30 45 38 27 47 39 10 36 35 21 13 43 44 4 24 28 48 16 18 29 1 40 37 14 42 8 22 31
824 254 20 22 28 19 42 16 32 49 39 18 36 47 35 10 48 3 5 4 9 40 14 27 44 26
825 139 4 2 44 5
826 194 11 27 39 6 42 24 38 23 1 10 9 22 26 5 4 32 48 43 40 37 41 7 28 20 13 34 12 50 19
827 328 16 33 21 37 36 5 8 33 19 23 35 46 31 10 41 7 11 29 50 27 25 40 28 48 17 26 2 1 34 13 44 4 39 45 42
828 593 19 23 40 8 48 14 7 50 19 21 9 23 32 27 49 43 47 12 4 3 6 28 36 5 29
829 595 13 16 37 34 10 43 27 35 2 45 4 32 38 5 48 19 24 30
830 127 20 4 30 44 17 8
831 322 1 26 16 8 43 48 23 12 11 44 7 41 50 1 3 27 35 49 28 5 42 47 4 13 20 34 19 14
832 80 11 45 33 30 21 15 10 5 32 36 20 8 38 19 34 4 1 43 24 2 39 12 27 18 14 11 44 40 46 17 41 48 26 45 25 3 35 28 47 37 49 9 42 13 23 31 50
833 388 17 34 23 5 49 10 4 18 27 24 45 21 3 30 7 34 17 13 43 20 16 22 35 19 28 12 38 40 31 37 9 11 8 15 32 2
834 343 3 16 20 32 47 44 38 33 12 37 6 5 17 48 22 28 39 10
835 406 8 36 43 40 36 41 44 5 11 16 33 7 24 9 30 48 1 25 14 17 3 26 4 2 31 50 45 8 42 49 22 32 35 13 18 28 10 29
836 360 11 45 20 25 36 24 4 3 6 5 28 47 33 15 32 43 48 2 19 49 13 16 14 50 38 10 17 12 21 46 45 39 22 18 9 30 42 41 8 40 1 27 44 26 23 34 35
837 341 11 5 27 17 39 42 13
838 141 11 37 12 28 24 30 29 39 42 26 17 31 21 37 16 20 35 49 2 43 8 7 41 14 15 27 22 18 25 1 44 23 47 10 3 19 5 32 50
839 510 5 7 46 39 5 15 32 31 43
840 338 17 43 32 26 31 7 41 17 20 35 1 23 14 47 4 9 48 22 38 5 29 46 11 37 43 28 15 24 8 36 49 50 21 40 16 18 42 13 10 30 12 33 39 3 25
841 380 3 37 42 12 26 1 18 16 11 27 3 13 32 7 28 2 45 31 46 49 35 50 22 34 4 24 9 29 33 8 36 5 25 44 38 47 23 48 6
842 63 3 3 22 34 19
843 573 7 42 18 1 39 16 28 10 49 24 9 45 30 3 31 21 32 43 8 11 19 41 34 12 40 46 44 47 33 2 23 48 29 13 26 22 15 50 17 20 25 4 37 5
844 25 5 28 45 32 47 29 14 10 16 4 36 41 5 1 19 49 28 35 40 33 24 25 43 12 30 8 39 27 3 17
845 357 12 4 4 13 37 30
846 352 19 45 22 41 13 50 3 42 19 2 11 1 6 9 10 49 39 37 34 48 47 24 40 44 16 5 17 8 27 31 15 43 28 18 25 29 38 26 36 4 46 21 32 12 30 23 33
847 555 15 16 10 43 41 31 36 1 18 49 29 25 19 47 28 8 37 39
848 415 15 26 40 30 25 26 39 16 7 19 14 4 32 10 6 15 23 34 3 9 33 47 18 41 5 44 36 50
849 66 0 34 6 18 29 17 19 47 4 25 14 1 39 48 9 21 49 31 16 40 5 27 10 11 26 30 24 22 37 3 43 38 44 33 13 50
850 556 2 25 9 11 41 46 5 48 23 2 4 49 45 28 16 32 33 14 29 50 21 12 6 24 38 26 40
851 77 10 18 21 43 1 19 27 36 4 45 22 31 7 5 49 38 15 20 48 23
852 40 15 26 19 39 36 43 31 12 35 18 49 42 40 7 1 34 11 5 33 23 2 41 4 3 17 24 10 32
853 440 5 7 3 4 42 30 8 19 49
854 196 15 10 33 7 40 9 14 3 23 38 25 36
855 401 16 32 28 38 42 16 4 25 30 39 2 50 37 20 18 24 21 22 48 34 47 27 17 10 35 49 3 36 19 12 15 43 7 14
856 135 9 28 23 49 26 21 14 1 6 7 42 39 41 22 4 30 47 19 17 48 44 29 18 31 15 2 5 45 43 24
857 63 6 30 19 29 37 5 4 49 44 24 17 45 31 22 34 16 41 1 30 47 25 23 40 3 50 6 10 32 15 2 14 13
858 556 3 10 23 30 14 19 12 25 7 35 46 24
859 131 4 44 49 18 44 42 26 21 37 36 15 2 50 27 33 22 5 35 3 30 20 29 25 9 7 34 4 12 46 23 14 8 6 28 32 17 24 11 19 13 16 31 47 43 10 40
860 500 2 16 38 8 43 40 34 24 45 12 37 46 28 18 19 30 47 27
861 586 2 1 15
862 27 16 9 28 6 45 36 16 15 44 3 42
863 458 15 41 10 1 4 9 46 21 30 19 17 37 12 36 38 50 43 29 14 41 6 33 5 15 40 8 34 13 39 48 7 25 42 24 16 28 44 18 45 31 3 32 47
864 355 13 5 23 7 16 15 5
865 524 15 5 17 3 42 33 45
866 95 8 46 34 36 16 38 11 47 13 26 32 6 30 5 29 37 19 39 21 9 18 49 41 15 45 33 4 50 8 23 1 28 35 12 24 42 40 20 7 43 46 25 10 2 14 44 27 48
867 25 13 45 15 25 23 38 48 22 8 24 6 27 29 35 19 41 46 36 33 12 5 10 26 50 21 47 34 16 28 1 2 17 37 42 20 11 45 14 40 44 39 43 13 31 32 9 4
868 303 6 46 38 18 47 40 4 13 5 41 19 30 27 10 48 33 16 3 11 14 20 9 32 26 31 6 46 21 7 36 39 15 24 44 2 1 23 25 50 28 45 37 49 22 35 29 42 12
869 218 15 49 36 34 42 13 18 10 15 3 25 6 39 44 24 26 22 14 32 4 40 16 17 31 46 43 28 35 8 47 33 41 29 21 45 50 30 19 38 1 12 9 49 27 23 48 2 7 37 5 11
870 247 18 46 40 8 3 45 22 14 29 21 48 31 46 26 27 23 34 35 47 30 44 32 13 5 16 7 6 37 9 33 39 49 25 42 20 18 50 24 12 15 10 19 4 38 1 11 41 43
871 90 12 25 13 49 1 36 35 8 11 19 30 28 40 37 10 31 21 9 17 50 45 32 16 24 26 14 46
872 600 7 47 8 30 31 7 26 46 5 3 36 27 44 42 33 38 45 40 43 34 48 37 25 12 41 39 18 15 24 9 28 14 21 20 17 35 11 29 4 22 23 6 32 10 16 49 1 13 47
873 443 13 47 22 15 35 30 39 44 7 23 37 38 32 49 50 9 2 20 31 16 4 11 24 42 1 21 27 3 25 8 43 26 36 28 13 18 19 10 40 46 41 29 33 47 14 34 6 17 48
874 388 19 5 17 37 21 33 24
875 567 15 23 17 22 46 41 11 16 38 6 28 2 8 10 43 25 31 34 20 44 32 21 47 36 29
876 115 0 30 4 5 20 27 40 11 9 15 37 22 32 42 3 13 2 10 6 38 26 12 41 33 44 43 29 16 24 45 35 8
877 555 6 8 38 18 17 45 24 35 21 31
878 100 10 49 8 45 41 12 49 37 17 25 31 9 28 21 32 42 50 34 27 47 35 18 22 10 7 15 36 39 48 13 24 29 6 33 2 26 3 38 1 16 20 14 23 4 19 11 44 30 5 43 40
879 182 14 2 25 5
880 428 4 30 41 21 8 38 29 30 26 11 43 18 16 1 31 14 50 46 24 23 15 45 17 10 48 37 39 20 25 47 7 44
881 496 6 1 28
882 139 7 12 33 24 40 32 22 35 2 9 25 19 29 44
883 345 20 23 40 14 1 11 46 43 36 24 16 5 21 35 10 22 3 23 41 50 28 9 44 7 25
884 583 16 31 1 44 46 31 14 39 40 25 11 20 8 50 45 10 4 49 18 6 26 38 24 41 15 21 33 22 3 19 7 28 48
885 466 10 33 3 9 10 29 14 24 7 8 38 11 22 16 13 36 27 30 15 21 19 39 28 40 44 43 31 17 2 1 42 35 32 4 46
886 495 1 7 2 25 38 18 41 15 19
887 531 0 3 16 11 14
888 468 19 27 14 27 31 19 28 42 26 44 50 20 6 25 17 48 22 2 16 1 4 32 49 37 47 35 8 29 12
889 277 14 45 27 44 46 37 8 31 6 43 13 41 26 15 49 10 17 23 38 30 1 11 42 14 3 34 21 39 36 12 40 45 33 32 48 5 35 4 18 29 28 25 20 9 2 7 24
890 71 13 31 7 38 15 45 9 46 44 35 29 17 41 23 26 2 4 21 12 11 40 28 25 20 6 49 47 1 19 32 48 10 34
891 112 3 25 1 33 29 3 26 42 50 32 18 45 11 47 2 44 10 37 46 34 23 31 4 13 12 7 6
892 355 2 41 19 3 32 48 50 16 21 23 44 14 8 37 39 20 9 11 42 6 10 34 15 25 35 1 33 29 7 46 43 2 4 18 31 36 45 17 24 26 13 38 22
893 333 1 11 10 45 9 6 39 11 50 29 4 31 15
894 252 2 2 45 18
895 479 3 47 31 29 42 39 48 43 24 28 46 3 41 8 15 19 49 21 18 11 6 38 1 2 9 36 47 22 25 7 32 45 33 26 20 13 27 40 44 16 34 35 50 5 10 30 14 23 4
896 360 11 36 22 45 49 44 50 19 6 2 26 47 3 18 7 29 40 36 13 5 38 33 12 31 11 4 46 25 32 39 1 48 37 35 41 16 20 42
897 330 6 20 6 31 41 18 48 11 13 5 10 26 30 24 37 21 34 2 49 16 22 19
898 481 9 20 12 18 34 40 21 27 48 2 49 7 17 14 3 46 31 16 44 9 43 13
899 555 16 26 15 27 45 41 33 12 5 20 21 2 37 6 24 1 8 9 14 18 10 40 43 47 46 31 25 17
900 382 13 45 41 23 9 11 6 21 47 10 33 28 30 26 49 37 15 34 2 32 1 16 50 3 46 19 5 31 39 29 48 25 22 36 38 40 12 14 27 44 35 45 17 13 18 24 4
901 262 19 6 8 32 1 21 3 38
902 500 17 10 22 49 2 5 21 44 25 32 10 43
903 248 9 1 18
904 168 3 33 47 32 18 12 3 26 8 33 48 44 11 19 1 41 14 13 23 39 31 4 45 21 43 34 16 15 40 5 49 22 2 35 50
905 382 12 16 12 50 40 46 49 33 20 6 35 18 5 4 8 15 28 27
906 237 10 23 28 41 45 43 33 35 39 24 31 18 5 16 1 27 40 49 50 38 12 32 7 4 2
907 551 5 9 19 21 47 32 34 48 31 36 37
908 50 2 36 23 43 1 7 45 34 26 47 12 39 21 40 28 20 24 35 38 49 8 15 13 11 14 50 17 44 27 30 2 5 3 42 16 29 6 33
909 348 19 24 2 25 40 48 39 41 45 13 11 29 23 4 3 50 6 26 9 19 7 38 18 49 30 37
910 204 13 37 20 32 50 42 26 36 21 28 47 24 30 37 31 12 8 33 3 39 29 41 7 46 44 34 14 23 5 38 45 16 6 35 18 1 13 10 2
911 163 20 48 44 4 26 33 7 10 48 35 12 46 19 41 9 29 5 22 50 14 8 38 21 13 1 32 47 17 18 49 45 27 6 36 11 31 30 20 15 2 42 28 16 34 39 43 37 24 3 40
912 466 0 27 11 2 33 30 35 45 19 21 31 27 34 14 37 40 25 36 41 17 47 48 42 10 22 7 6 4 39
913 406 8 13 1 4 9 19 47 50 7 8 42 26 45 21 13
914 138 16 14 35 23 39 30 11 24 45 37 34 47 20 21 10 40
915 149 19 36 34 31 13 50 49 25 40 27 26 6 7 37 32 3 28 17 11 48 33 18 14 47 42 41 12 5 24 22 9 15 29 43 20 30 39 1
916 427 19 5 48 37 28 26 2
917 404 1 2 48 30
918 188 19 48 14 21 36 28 1 3 20 29 50 19 35 5 33 25 7 10 17 34 40 43 48 27 22 47 9 4 39 32 49 8 45 37 23 15 2 44 41 46 30 6 26 18 12 42 13 38 24 16
919 336 11 37 35 40 8 42 44 21 46 38 20 3 39 1 36 48 15 49 7 45 19 27 11 22 6 37 4 50 24 2 25 47 30 10 43 16 34 13 23
920 102 12 16 8 31 2 38 50 14 41 29 16 9 24 37 44 42 25 5
921 569 12 13 21 37 7 29 41 39 43 3 30 17 20 49 14
922 483 6 38 22 47 45 42 16 36 24 49 11 14 6 17 27 7 48 4 40 9 2 39 31 3 43 19 50 18 5 46 44 12 30 29 23 25 33 8 20 15
923 333 7 21 43 21 26 16 46 40 18 28 13 41 49 6 35 2 5 3 10 23 45 27 8
924 449 1 40 22 10 5 47 13 14 4 17 24 26 41 9 48 25 2 45 11 7 39 21 19 36 28 30 43 34 33 46 50 18 31 40 1 27 37 49 42 15 20 8
925 505 1 12 42 50 31 11 17 46 30 27 45 47 12 49
926 36 10 42 38 37 41 23 13 20 32 33 45 8 10 35 3 7 47 9 25 12 22 30 29 2 36 43 6 18 49 21 40 31 17 34 1 4 11 50 46 42 44 28 48 15
927 266 6 42 16 1 19 32 36 14 44 34 7 11 20 39 31 35 38 5 27 15 33 26 17 18 3 21 40 50 8 29 37 47 2 25 42 10 12 24 13 48 9 46 23 22
928 213 8 19 45 8 4 47 14 28 46 21 41 6 34 15 19 48 37 24 2 39 43
929 455 3 37 13 39 22 8 10 2 16 20 28 49 15 17 25 3 30 36 48 29 26 35 46 34 21 43 24 4 12 18 50 27 11 45 6 5 9 1 37
930 111 6 18 29 9 46 2 6 17 48 41 34 14 45 3 4 18 28 44 21 7
931 137 10 5 18 50 47 8 45
932 376 19 15 26 44 40 43 24 9 11 10 22 21 18 27 25 5 12
933 453 13 7 32 26 16 34 40 36 1
934 394 4 22 32 7 28 4 39 25 50 38 5 27 26 10 29 41 15 35 19 14 49 20 1 11
935 243 14 28 17 26 47 15 14 18 32 5 43 8 38 24 7 2 46 39 49 48 23 1 35 41 11 22 45 40 13 44
936 341 11 36 49 7 20 2 25 21 33 31 23 1 39 11 18 45 35 50 42 22 28 5 43 4 41 19 17 37 34 26 44 14 40 24 9 30 12 29
937 35 12 45 9 2 12 16 26 46 28 44 43 40 8 1 29 4 21 19 33 14 25 18 13 37 3 10 22 50 11 39 24 30 49 27 23 17 36 34 6 7 20 15 48 31 47 45 32
938 379 12 11 3 39 37 50 33 43 9 40 15 22 46
939 538 9 1 12
940 419 20 35 5 24 47 29 3 37 20 41 44 8 17 43 25 40 42 50 30 32 12 21 23 1 10 27 36 9 39 6 49 13 35 11 14 22 2
941 172 4 34 14 49 24 8 6 43 26 45 3 7 48 32 16 31 42 20 9 19 17 30 15 22 1 13 44 35 46 33 4 29 34 25 37 5
942 308 3 8 6 11 1 37 40 17 29 30
943 583 20 26 37 14 38 47 4 11 20 15 3 35 17 6 28 46 22 2 40 25 39 16 19 43 13 10 27 42
944 107 11 3 45 49 25
945 253 14 49 37 31 7 3 32 14 39 50 24 5 9 33 44 41 25 30 18 46 21 42 26 27 10 43 19 12 13 47 48 16 11 20 49 40 2 15 6 35 38 29 8 1 28 45 4 22 23 34 36
946 286 11 28 44 40 22 39 15 10 13 17 8 30 14 43 2 33 45 23 6 24 49 11 34 28 9 36 12 31 20 41
947 39 2 24 35 49 30 4 36 11 38 39 34 32 40 41 16 9 3 22 1 44 43 33 7 46 21 14
948 447 7 35 34 19 26 14 29 21 37 42 48 38 13 28 46 41 45 8 27 43 5 9 47 6 22 25 40 3 20 1 23 24 31 15 4 35 33
949 314 1 31 26 6 39 24 47 41 4 1 17 28 7 25 15 45 3 11 12 27 21 42 18 48 10 16 22 36 43 23 34 37 8
950 358 11 35 2 17 50 31 34 23 27 16 18 33 25 39 45 7 46 14 48 49 47 30 38 4 6 1 29 26 15 41 32 22 5 19 36 8 28
951 489 5 46 35 13 9 22 15 4 37 29 27 25 10 40 36 7 38 16 33 50 2 31 43 8 24 42 23 18 39 17 45 32 20 26 49 11 6 5 44 21 46 19 1 34 3 47 14 48
952 365 1 33 33 10 22 17 5 4 49 21 42 14 16 35 27 28 37 44 40 26 23 25 48 19 38 32 8 50 30 7 13 11 12 34 6
953 23 14 25 45 16 37 50 27 3 22 47 38 10 35 17 26 33 36 48 40 1 42 12 14 23 18 29 2
954 263 10 46 40 17 43 28 45 41 25 2 35 1 9 3 10 14 13 27 16 22 46 44 32 48 7 21 26 23 15 34 4 36 5 24 11 29 33 6 39 20 8 31 18 12 42 30 37 19
955 143 12 9 15 38 23 47 6 17 1 50 33
956 447 19 6 50 13 24 31 7 22
957 496 20 16 30 43 39 28 24 14 13 15 22 17 10 36 16 20 8 21
958 372 16 44 5 10 28 43 16 20 8 26 25 29 4 14 1 12 31 2 11 18 38 39 44 46 23 34 42 32 13 48 33 15 45 36 6 3 49 19 22 24 7 17 21 27 47 50
959 513 3 26 49 27 19 12 39 45 24 23 50 16 41 2 11 5 32 21 17 26 48 7 31 3 47 36 22 28
960 15 19 15 19 36 41 32 37 38 30 21 20 14 43 22 35 9 27
961 40 4 41 38 14 21 11 1 37 3 35 42 27 48 25 41 18 24 12 50 29 16 19 4 9 46 23 45 22 8 34 32 28 17 44 30 26 39 43 20 6 36 49 47
962 177 13 15 20 42 25 44 17 9 33 4 36 7 6 24 3 34 14
963 290 4 43 17 48 43 6 30 9 34 31 28 14 11 32 40 27 50 21 46 38 1 13 33 42 4 10 8 26 37 12 47 5 22 29 25 20 44 49 2 15 24 19 39 36 7
964 565 8 14 6 41 42 34 21 47 31 16 43 23 9 10 49 32
965 110 15 17 24 49 4 42 1 5 16 26 20 43 47 10 35 7 44 23 6
966 563 19 35 46 20 7 28 36 22 40 39 21 13 8 23 18 41 38 45 14 37 1 11 35 33 31 9 16 24 32 25 50 15 42 43 19 12 5
967 277 2 6 50 39 6 20 40 33
968 180 10 5 22 43 7 39 16
969 504 14 48 21 17 35 20 6 38 1 3 10 26 11 32 25 44 48 43 37 4 36 13 16 7 23 33 24 42 40 28 14 9 49 18 47 50 22 19 8 15 5 27 41 39 31 34 29 30 12 45
970 394 2 2 39 16
971 338 12 49 3 40 29 17 44 23 13 7 5 32 19 37 41 49 18 38 35 10 33 2 15 6 42 4 36 24 39 46 28 25 20 12 22 45 11 43 16 26 1 47 31 34 48 27 50 14 30 9 21
972 325 16 22 40 15 19 11 6 1 44 24 30 4 16 21 10 43 37 7 28 14 45 9 13 8
973 461 15 45 39 38 40 14 50 19 44 21 31 37 10 8 22 30 27 42 23 13 32 6 35 25 29 47 36 4 33 17 26 49 34 16 15 2 46 7 41 12 48 1 20 5 24 3 9
974 554 19 19 21 41 45 50 44 14 9 7 35 6 12 8 49 48 46 22 33 26 28
975 102 10 21 18 7 8 25 9 11 26 28 34 2 3 39 17 35 4 29 43 20 42 40 22
976 585 7 48 38 13 46 26 16 19 41 40 6 48 10 49 42 22 2 35 24 1 44 32 4 28 36 3 14 8 9 5 39 43 21 50 18 47 17 30 45 37 33 11 15 27 25 31 12 7 23 29
977 48 20 27 32 3 2 46 48 42 35 27 39 38 19 24 37 8 44 30 11 15 6 45 18 12 20 16 23 10 49
978 112 12 19 19 6 12 32 38 13 34 7 44 5 30 2 20 10 35 17 42 26 48
979 336 10 35 24 38 45 50 42 16 2 49 29 39 3 43 26 21 32 36 28 25 19 9 27 5 1 20 37 7 44 13 33 47 6 10 46 30 35
980 529 17 39 22 48 19 44 49 38 42 3 39 7 50 29 21 45 40 10 46 15 25 30 32 2 17 36 28 27 6 5 8 33 11 20 47 34 12 31 14 24 26
981 502 18 13 40 44 35 49 50 30 43 18 4 39 31 9 21
982 201 14 9 18 3 9 2 1 22 36 39 43
983 561 1 16 4 41 35 48 32 23 43 37 7 15 3 17 1 29 40 19
984 239 12 28 17 34 45 29 6 4 22 32 3 44 48 24 8 20 9 27 18 31 5 41 42 50 39 16 1 21 37 33
985 577 0 5 9 41 12 34 46
986 581 1 25 40 10 45 43 14 3 12 38 27 23 17 9 31 42 6 16 30 29 22 47 50 7 25 44 49
987 487 9 48 48 17 19 35 4 21 23 36 50 27 49 14 34 3 9 13 30 1 41 44 22 11 5 29 8 39 25 24 47 26 16 37 43 31 40 42 38 10 32 15 18 20 7 28 33 46 45 2
988 562 6 48 29 26 43 14 33 13 25 28 44 47 24 3 40 46 50 41 4 9 16 42 27 32 45 49 17 2 1 11 35 48 36 34 22 38 5 8 31 21 10 18 7 20 6 37 15 30 12 39
989 492 0 46 34 5 47 22 45 11 42 24 46 50 41 48 29 19 25 38 17 12 2 7 40 37 10 3 43 44 39 30 14 18 13 1 4 23 36 6 26 21 49 16 15 32 20 8 27 28
990 399 3 36 4 37 33 3 29 7 18 1 14 25 6 21 27 50 38 49 16 5 23 8 24 42 11 20 34 13 40 15 9 48 35 46 41 22 36 10
991 40 5 12 33 28 5 45 47 30 2 15 23 35 13 26
992 306 11 45 47 36 18 25 32 9 45 43 49 12 5 48 26 41 34 30 44 20 16 37 3 21 22 13 38 8 40 6 17 4 29 2 39 35 10 19 15 27 1 46 11 28 42 14 7
993 110 7 40 7 35 24 49 5 21 18 14 27 4 6 48 31 19 10 41 3 47 33 26 17 25 34 44 46 37 20 13 50 28 15 29 23 38 39 16 40 42 2 43
994 233 9 15 17 18 40 31 43 2 46 6 4 47 24 32 28 36 26
995 319 15 34 20 21 35 13 46 3 45 39 33 27 29 16 6 37 30 47 36 50 28 7 12 9 17 5 41 44 25 22 18 2 14 11 38 1
996 524 5 32 23 11 21 37 26 27 33 38 15 39 12 13 1 5 16 41 8 9 20 46 14 6 24 43 40 45 48 35 4 30 2 31
997 433 17 41 19 36 30 16 34 26 11 25 28 4 17 40 39 7 38 14 22 5 20 37 23 49 12 33 32 50 31 9 3 45 13 42 44 18 46 6 27 10 2 48 21
998 226 6 5 6 15 23 31 3
999 283 20 41 26 20 14 33 23 32 35 12 8 5 43 46 11 19 4 37 24 36 15 13 10 17 41 48 34 27 18 6 38 47 28 1 49 45 3 50 25 39 7 29 22
1000 33 9 47 31 32 25 13 39 6 46 9 14 38 20 4 28 45 5 33 30 3 34 37 11 44 7 12 2 42 35 29 18 47 49 15 1 36 10 16 40 19 17 43 24 26 22 50 27 48 21
50
1 3
2 3
3 5
4 18
5 14
6 13
7 6
8 3
9 12
10 20
11 15
12 3
13 8
14 7
15 14
16 7
17 13
18 6
19 6
20 10
21 14
22 3
23 11
24 12
25 15
26 5
27 9
28 12
29 12
30 14
31 12
32 12
33 20
34 6
35 4
36 8
37 11
38 4
39 3
40 3
41 20
42 10
43 15
44 18
45 19
46 17
47 7
48 4
49 11
50 7
30
0 13 957876
1 18 169333
2 3 251611
3 14 976468
4 17 608287
5 13 966105
6 7 666697
7 14 493498
8 20 768694
9 2 733183
10 6 387821
11 12 666414
12 14 431929
13 18 803284
14 19 467110
15 19 527531
16 11 359223
17 15 514723
18 14 744628
19 6 807429
20 15 644487
21 8 1041429
22 8 104731
23 15 254924
24 6 75000
25 9 882392
26 16 858971
27 17 640202
28 3 776971
29 20 15088
8
1 2
1 3
1 4
2 4
2 5
3 5
3 6
4 6
1
1 5
